#========================================
#W  velocity  viscosity  Residual(Psi)
#
#=========================================
1	0.5	0.5	0.0423445
1	0.5	1	0.0421642
1	0.5	1.5	0.0420892
1	0.5	2	0.042049
1	0.5	2.5	0.0420239
1	0.5	3	0.0420068
1	0.5	3.5	0.0419945
1	0.5	4	0.0419851
1	0.5	4.5	0.0419777
1	0.5	5	0.0419718
1	0.5	5.5	0.041967
1	0.5	6	0.0419629
1	0.5	6.5	0.0419594
1	0.5	7	0.0419564
1	0.5	7.5	0.0419539
1	0.5	8	0.0419516
1	0.5	8.5	0.0419496
1	0.5	9	0.0419478
1	0.5	9.5	0.0419462
1	0.5	10	0.0419448
1	1	0.5	0.0850219
1	1	1	0.084689
1	1	1.5	0.0844633
1	1	2	0.0843283
1	1	2.5	0.0842402
1	1	3	0.0841784
1	1	3.5	0.0841329
1	1	4	0.0840979
1	1	4.5	0.0840702
1	1	5	0.0840478
1	1	5.5	0.0840293
1	1	6	0.0840137
1	1	6.5	0.0840004
1	1	7	0.0839889
1	1	7.5	0.083979
1	1	8	0.0839702
1	1	8.5	0.0839624
1	1	9	0.0839555
1	1	9.5	0.0839493
1	1	10	0.0839436
1	1.5	0.5	0.127328
1	1.5	1	0.127378
1	1.5	1.5	0.127034
1	1.5	2	0.126788
1	1.5	2.5	0.126617
1	1.5	3	0.126492
1	1.5	3.5	0.126399
1	1.5	4	0.126326
1	1.5	4.5	0.126268
1	1.5	5	0.12622
1	1.5	5.5	0.12618
1	1.5	6	0.126147
1	1.5	6.5	0.126118
1	1.5	7	0.126093
1	1.5	7.5	0.126072
1	1.5	8	0.126053
1	1.5	8.5	0.126036
1	1.5	9	0.126021
1	1.5	9.5	0.126007
1	1.5	10	0.125995
1	2	0.5	0.168726
1	2	1	0.170044
1	2	1.5	0.169713
1	2	2	0.169378
1	2	2.5	0.169121
1	2	3	0.168927
1	2	3.5	0.168776
1	2	4	0.168657
1	2	4.5	0.16856
1	2	5	0.16848
1	2	5.5	0.168414
1	2	6	0.168357
1	2	6.5	0.168308
1	2	7	0.168266
1	2	7.5	0.168229
1	2	8	0.168196
1	2	8.5	0.168167
1	2	9	0.16814
1	2	9.5	0.168117
1	2	10	0.168096
1	2.5	0.5	0.208877
1	2.5	1	0.212519
1	2.5	1.5	0.212416
1	2.5	2	0.21205
1	2.5	2.5	0.211723
1	2.5	3	0.211459
1	2.5	3.5	0.211248
1	2.5	4	0.211077
1	2.5	4.5	0.210937
1	2.5	5	0.210821
1	2.5	5.5	0.210722
1	2.5	6	0.210638
1	2.5	6.5	0.210565
1	2.5	7	0.210502
1	2.5	7.5	0.210446
1	2.5	8	0.210397
1	2.5	8.5	0.210353
1	2.5	9	0.210313
1	2.5	9.5	0.210277
1	2.5	10	0.210245
1	3	0.5	0.247615
1	3	1	0.254656
1	3	1.5	0.255066
1	3	2	0.254755
1	3	2.5	0.254389
1	3	3	0.254067
1	3	3.5	0.253799
1	3	4	0.253576
1	3	4.5	0.25339
1	3	5	0.253233
1	3	5.5	0.2531
1	3	6	0.252985
1	3	6.5	0.252885
1	3	7	0.252798
1	3	7.5	0.252721
1	3	8	0.252652
1	3	8.5	0.252591
1	3	9	0.252535
1	3	9.5	0.252485
1	3	10	0.25244
1	3.5	0.5	0.284902
1	3.5	1	0.296333
1	3.5	1.5	0.297587
1	3.5	2	0.297449
1	3.5	2.5	0.29709
1	3.5	3	0.29673
1	3.5	3.5	0.296412
1	3.5	4	0.29614
1	3.5	4.5	0.295908
1	3.5	5	0.29571
1	3.5	5.5	0.29554
1	3.5	6	0.295392
1	3.5	6.5	0.295263
1	3.5	7	0.295149
1	3.5	7.5	0.295048
1	3.5	8	0.294958
1	3.5	8.5	0.294878
1	3.5	9	0.294805
1	3.5	9.5	0.294739
1	3.5	10	0.294679
1	4	0.5	0.32079
1	4	1	0.337453
1	4	1.5	0.339913
1	4	2	0.340088
1	4	2.5	0.339796
1	4	3	0.339425
1	4	3.5	0.339071
1	4	4	0.338756
1	4	4.5	0.338481
1	4	5	0.338243
1	4	5.5	0.338035
1	4	6	0.337853
1	4	6.5	0.337694
1	4	7	0.337552
1	4	7.5	0.337426
1	4	8	0.337313
1	4	8.5	0.337212
1	4	9	0.33712
1	4	9.5	0.337037
1	4	10	0.336961
1	4.5	0.5	0.355377
1	4.5	1	0.377944
1	4.5	1.5	0.381984
1	4.5	2	0.38263
1	4.5	2.5	0.382478
1	4.5	3	0.382133
1	4.5	3.5	0.381762
1	4.5	4	0.381413
1	4.5	4.5	0.381101
1	4.5	5	0.380824
1	4.5	5.5	0.38058
1	4.5	6	0.380364
1	4.5	6.5	0.380173
1	4.5	7	0.380002
1	4.5	7.5	0.37985
1	4.5	8	0.379713
1	4.5	8.5	0.37959
1	4.5	9	0.379477
1	4.5	9.5	0.379375
1	4.5	10	0.379282
1	5	0.5	0.388787
1	5	1	0.417755
1	5	1.5	0.423747
1	5	2	0.425037
1	5	2.5	0.42511
1	5	3	0.424833
1	5	3.5	0.424468
1	5	4	0.424099
1	5	4.5	0.423756
1	5	5	0.423445
1	5	5.5	0.423167
1	5	6	0.422918
1	5	6.5	0.422695
1	5	7	0.422496
1	5	7.5	0.422317
1	5	8	0.422155
1	5	8.5	0.422008
1	5	9	0.421875
1	5	9.5	0.421753
1	5	10	0.421642
1	5.5	0.5	0.421149
1	5.5	1	0.456855
1	5.5	1.5	0.465158
1	5.5	2	0.467275
1	5.5	2.5	0.467664
1	5.5	3	0.467505
1	5.5	3.5	0.467174
1	5.5	4	0.466802
1	5.5	4.5	0.466438
1	5.5	5	0.466099
1	5.5	5.5	0.46579
1	5.5	6	0.46551
1	5.5	6.5	0.465257
1	5.5	7	0.465029
1	5.5	7.5	0.464823
1	5.5	8	0.464636
1	5.5	8.5	0.464465
1	5.5	9	0.46431
1	5.5	9.5	0.464168
1	5.5	10	0.464037
1	6	0.5	0.45259
1	6	1	0.495229
1	6	1.5	0.506179
1	6	2	0.509311
1	6	2.5	0.510116
1	6	3	0.510131
1	6	3.5	0.509867
1	6	4	0.509511
1	6	4.5	0.509138
1	6	5	0.508778
1	6	5.5	0.508442
1	6	6	0.508134
1	6	6.5	0.507853
1	6	7	0.507597
1	6	7.5	0.507364
1	6	8	0.507152
1	6	8.5	0.506958
1	6	9	0.50678
1	6	9.5	0.506617
1	6	10	0.506467
1	6.5	0.5	0.483229
1	6.5	1	0.532876
1	6.5	1.5	0.546781
1	6.5	2	0.551117
1	6.5	2.5	0.552444
1	6.5	3	0.552693
1	6.5	3.5	0.552531
1	6.5	4	0.552213
1	6.5	4.5	0.551845
1	6.5	5	0.551474
1	6.5	5.5	0.551118
1	6.5	6	0.550786
1	6.5	6.5	0.550479
1	6.5	7	0.550197
1	6.5	7.5	0.549938
1	6.5	8	0.549701
1	6.5	8.5	0.549483
1	6.5	9	0.549283
1	6.5	9.5	0.549099
1	6.5	10	0.548928
1	7	0.5	0.513173
1	7	1	0.569804
1	7	1.5	0.586938
1	7	2	0.592665
1	7	2.5	0.594625
1	7	3	0.595174
1	7	3.5	0.595153
1	7	4	0.594898
1	7	4.5	0.594552
1	7	5	0.59418
1	7	5.5	0.593811
1	7	6	0.593459
1	7	6.5	0.593129
1	7	7	0.592823
1	7	7.5	0.59254
1	7	8	0.592279
1	7	8.5	0.592038
1	7	9	0.591816
1	7	9.5	0.59161
1	7	10	0.59142
1	7.5	0.5	0.542519
1	7.5	1	0.606031
1	7.5	1.5	0.626632
1	7.5	2	0.633935
1	7.5	2.5	0.636639
1	7.5	3	0.637556
1	7.5	3.5	0.637721
1	7.5	4	0.637556
1	7.5	4.5	0.637249
1	7.5	5	0.636888
1	7.5	5.5	0.636515
1	7.5	6	0.636149
1	7.5	6.5	0.635801
1	7.5	7	0.635473
1	7.5	7.5	0.635168
1	7.5	8	0.634884
1	7.5	8.5	0.634621
1	7.5	9	0.634377
1	7.5	9.5	0.63415
1	7.5	10	0.63394
1	8	0.5	0.571351
1	8	1	0.64158
1	8	1.5	0.665853
1	8	2	0.674906
1	8	2.5	0.678469
1	8	3	0.679825
1	8	3.5	0.68022
1	8	4	0.680175
1	8	4.5	0.679928
1	8	5	0.679592
1	8	5.5	0.679223
1	8	6	0.67885
1	8	6.5	0.678488
1	8	7	0.678142
1	8	7.5	0.677817
1	8	8	0.677512
1	8	8.5	0.677228
1	8	9	0.676963
1	8	9.5	0.676716
1	8	10	0.676486
1	8.5	0.5	0.599744
1	8.5	1	0.676477
1	8.5	1.5	0.704591
1	8.5	2	0.715562
1	8.5	2.5	0.720098
1	8.5	3	0.721967
1	8.5	3.5	0.722639
1	8.5	4	0.722746
1	8.5	4.5	0.72258
1	8.5	5	0.722284
1	8.5	5.5	0.72193
1	8.5	6	0.721558
1	8.5	6.5	0.721186
1	8.5	7	0.720827
1	8.5	7.5	0.720484
1	8.5	8	0.720161
1	8.5	8.5	0.719857
1	8.5	9	0.719572
1	8.5	9.5	0.719305
1	8.5	10	0.719055
1	9	0.5	0.627762
1	9	1	0.710754
1	9	1.5	0.742844
1	9	2	0.755888
1	9	2.5	0.76151
1	9	3	0.763967
1	9	3.5	0.764967
1	9	4	0.76526
1	9	4.5	0.765197
1	9	5	0.764956
1	9	5.5	0.76463
1	9	6	0.764266
1	9	6.5	0.763892
1	9	7	0.763523
1	9	7.5	0.763167
1	9	8	0.762827
1	9	8.5	0.762505
1	9	9	0.762201
1	9	9.5	0.761916
1	9	10	0.761648
1	9.5	0.5	0.65546
1	9.5	1	0.744442
1	9.5	1.5	0.780611
1	9.5	2	0.795874
1	9.5	2.5	0.802692
1	9.5	3	0.805813
1	9.5	3.5	0.807193
1	9.5	4	0.807705
1	9.5	4.5	0.807771
1	9.5	5	0.807604
1	9.5	5.5	0.807316
1	9.5	6	0.80697
1	9.5	6.5	0.806601
1	9.5	7	0.806227
1	9.5	7.5	0.805861
1	9.5	8	0.805507
1	9.5	8.5	0.805169
1	9.5	9	0.804849
1	9.5	9.5	0.804546
1	9.5	10	0.80426
1	10	0.5	0.682887
1	10	1	0.777574
1	10	1.5	0.817896
1	10	2	0.83551
1	10	2.5	0.843632
1	10	3	0.847494
1	10	3.5	0.849305
1	10	4	0.850075
1	10	4.5	0.850295
1	10	5	0.850219
1	10	5.5	0.849984
1	10	6	0.849666
1	10	6.5	0.849308
1	10	7	0.848935
1	10	7.5	0.848563
1	10	8	0.848199
1	10	8.5	0.847848
1	10	9	0.847512
1	10	9.5	0.847193
1	10	10	0.84689
1.1	0.5	0.5	0.0423445
1.1	0.5	1	0.0421642
1.1	0.5	1.5	0.0420892
1.1	0.5	2	0.042049
1.1	0.5	2.5	0.0420239
1.1	0.5	3	0.0420068
1.1	0.5	3.5	0.0419945
1.1	0.5	4	0.0419851
1.1	0.5	4.5	0.0419777
1.1	0.5	5	0.0419718
1.1	0.5	5.5	0.041967
1.1	0.5	6	0.0419629
1.1	0.5	6.5	0.0419594
1.1	0.5	7	0.0419564
1.1	0.5	7.5	0.0419539
1.1	0.5	8	0.0419516
1.1	0.5	8.5	0.0419496
1.1	0.5	9	0.0419478
1.1	0.5	9.5	0.0419462
1.1	0.5	10	0.0419448
1.1	1	0.5	0.0850219
1.1	1	1	0.084689
1.1	1	1.5	0.0844633
1.1	1	2	0.0843283
1.1	1	2.5	0.0842402
1.1	1	3	0.0841784
1.1	1	3.5	0.0841329
1.1	1	4	0.0840979
1.1	1	4.5	0.0840702
1.1	1	5	0.0840478
1.1	1	5.5	0.0840293
1.1	1	6	0.0840137
1.1	1	6.5	0.0840004
1.1	1	7	0.0839889
1.1	1	7.5	0.083979
1.1	1	8	0.0839702
1.1	1	8.5	0.0839624
1.1	1	9	0.0839555
1.1	1	9.5	0.0839493
1.1	1	10	0.0839436
1.1	1.5	0.5	0.127328
1.1	1.5	1	0.127378
1.1	1.5	1.5	0.127034
1.1	1.5	2	0.126788
1.1	1.5	2.5	0.126617
1.1	1.5	3	0.126492
1.1	1.5	3.5	0.126399
1.1	1.5	4	0.126326
1.1	1.5	4.5	0.126268
1.1	1.5	5	0.12622
1.1	1.5	5.5	0.12618
1.1	1.5	6	0.126147
1.1	1.5	6.5	0.126118
1.1	1.5	7	0.126093
1.1	1.5	7.5	0.126072
1.1	1.5	8	0.126053
1.1	1.5	8.5	0.126036
1.1	1.5	9	0.126021
1.1	1.5	9.5	0.126007
1.1	1.5	10	0.125995
1.1	2	0.5	0.168726
1.1	2	1	0.170044
1.1	2	1.5	0.169713
1.1	2	2	0.169378
1.1	2	2.5	0.169121
1.1	2	3	0.168927
1.1	2	3.5	0.168776
1.1	2	4	0.168657
1.1	2	4.5	0.16856
1.1	2	5	0.16848
1.1	2	5.5	0.168414
1.1	2	6	0.168357
1.1	2	6.5	0.168308
1.1	2	7	0.168266
1.1	2	7.5	0.168229
1.1	2	8	0.168196
1.1	2	8.5	0.168167
1.1	2	9	0.16814
1.1	2	9.5	0.168117
1.1	2	10	0.168096
1.1	2.5	0.5	0.208877
1.1	2.5	1	0.212519
1.1	2.5	1.5	0.212416
1.1	2.5	2	0.21205
1.1	2.5	2.5	0.211723
1.1	2.5	3	0.211459
1.1	2.5	3.5	0.211248
1.1	2.5	4	0.211077
1.1	2.5	4.5	0.210937
1.1	2.5	5	0.210821
1.1	2.5	5.5	0.210722
1.1	2.5	6	0.210638
1.1	2.5	6.5	0.210565
1.1	2.5	7	0.210502
1.1	2.5	7.5	0.210446
1.1	2.5	8	0.210397
1.1	2.5	8.5	0.210353
1.1	2.5	9	0.210313
1.1	2.5	9.5	0.210277
1.1	2.5	10	0.210245
1.1	3	0.5	0.247615
1.1	3	1	0.254656
1.1	3	1.5	0.255066
1.1	3	2	0.254755
1.1	3	2.5	0.254389
1.1	3	3	0.254067
1.1	3	3.5	0.253799
1.1	3	4	0.253576
1.1	3	4.5	0.25339
1.1	3	5	0.253233
1.1	3	5.5	0.2531
1.1	3	6	0.252985
1.1	3	6.5	0.252885
1.1	3	7	0.252798
1.1	3	7.5	0.252721
1.1	3	8	0.252652
1.1	3	8.5	0.252591
1.1	3	9	0.252535
1.1	3	9.5	0.252485
1.1	3	10	0.25244
1.1	3.5	0.5	0.284902
1.1	3.5	1	0.296333
1.1	3.5	1.5	0.297587
1.1	3.5	2	0.297449
1.1	3.5	2.5	0.29709
1.1	3.5	3	0.29673
1.1	3.5	3.5	0.296412
1.1	3.5	4	0.29614
1.1	3.5	4.5	0.295908
1.1	3.5	5	0.29571
1.1	3.5	5.5	0.29554
1.1	3.5	6	0.295392
1.1	3.5	6.5	0.295263
1.1	3.5	7	0.295149
1.1	3.5	7.5	0.295048
1.1	3.5	8	0.294958
1.1	3.5	8.5	0.294878
1.1	3.5	9	0.294805
1.1	3.5	9.5	0.294739
1.1	3.5	10	0.294679
1.1	4	0.5	0.32079
1.1	4	1	0.337453
1.1	4	1.5	0.339913
1.1	4	2	0.340088
1.1	4	2.5	0.339796
1.1	4	3	0.339425
1.1	4	3.5	0.339071
1.1	4	4	0.338756
1.1	4	4.5	0.338481
1.1	4	5	0.338243
1.1	4	5.5	0.338035
1.1	4	6	0.337853
1.1	4	6.5	0.337694
1.1	4	7	0.337552
1.1	4	7.5	0.337426
1.1	4	8	0.337313
1.1	4	8.5	0.337212
1.1	4	9	0.33712
1.1	4	9.5	0.337037
1.1	4	10	0.336961
1.1	4.5	0.5	0.355377
1.1	4.5	1	0.377944
1.1	4.5	1.5	0.381984
1.1	4.5	2	0.38263
1.1	4.5	2.5	0.382478
1.1	4.5	3	0.382133
1.1	4.5	3.5	0.381762
1.1	4.5	4	0.381413
1.1	4.5	4.5	0.381101
1.1	4.5	5	0.380824
1.1	4.5	5.5	0.38058
1.1	4.5	6	0.380364
1.1	4.5	6.5	0.380173
1.1	4.5	7	0.380002
1.1	4.5	7.5	0.37985
1.1	4.5	8	0.379713
1.1	4.5	8.5	0.37959
1.1	4.5	9	0.379477
1.1	4.5	9.5	0.379375
1.1	4.5	10	0.379282
1.1	5	0.5	0.388787
1.1	5	1	0.417755
1.1	5	1.5	0.423747
1.1	5	2	0.425037
1.1	5	2.5	0.42511
1.1	5	3	0.424833
1.1	5	3.5	0.424468
1.1	5	4	0.424099
1.1	5	4.5	0.423756
1.1	5	5	0.423445
1.1	5	5.5	0.423167
1.1	5	6	0.422918
1.1	5	6.5	0.422695
1.1	5	7	0.422496
1.1	5	7.5	0.422317
1.1	5	8	0.422155
1.1	5	8.5	0.422008
1.1	5	9	0.421875
1.1	5	9.5	0.421753
1.1	5	10	0.421642
1.1	5.5	0.5	0.421149
1.1	5.5	1	0.456855
1.1	5.5	1.5	0.465158
1.1	5.5	2	0.467275
1.1	5.5	2.5	0.467664
1.1	5.5	3	0.467505
1.1	5.5	3.5	0.467174
1.1	5.5	4	0.466802
1.1	5.5	4.5	0.466438
1.1	5.5	5	0.466099
1.1	5.5	5.5	0.46579
1.1	5.5	6	0.46551
1.1	5.5	6.5	0.465257
1.1	5.5	7	0.465029
1.1	5.5	7.5	0.464823
1.1	5.5	8	0.464636
1.1	5.5	8.5	0.464465
1.1	5.5	9	0.46431
1.1	5.5	9.5	0.464168
1.1	5.5	10	0.464037
1.1	6	0.5	0.45259
1.1	6	1	0.495229
1.1	6	1.5	0.506179
1.1	6	2	0.509311
1.1	6	2.5	0.510116
1.1	6	3	0.510131
1.1	6	3.5	0.509867
1.1	6	4	0.509511
1.1	6	4.5	0.509138
1.1	6	5	0.508778
1.1	6	5.5	0.508442
1.1	6	6	0.508134
1.1	6	6.5	0.507853
1.1	6	7	0.507597
1.1	6	7.5	0.507364
1.1	6	8	0.507152
1.1	6	8.5	0.506958
1.1	6	9	0.50678
1.1	6	9.5	0.506617
1.1	6	10	0.506467
1.1	6.5	0.5	0.483229
1.1	6.5	1	0.532876
1.1	6.5	1.5	0.546781
1.1	6.5	2	0.551117
1.1	6.5	2.5	0.552444
1.1	6.5	3	0.552693
1.1	6.5	3.5	0.552531
1.1	6.5	4	0.552213
1.1	6.5	4.5	0.551845
1.1	6.5	5	0.551474
1.1	6.5	5.5	0.551118
1.1	6.5	6	0.550786
1.1	6.5	6.5	0.550479
1.1	6.5	7	0.550197
1.1	6.5	7.5	0.549938
1.1	6.5	8	0.549701
1.1	6.5	8.5	0.549483
1.1	6.5	9	0.549283
1.1	6.5	9.5	0.549099
1.1	6.5	10	0.548928
1.1	7	0.5	0.513173
1.1	7	1	0.569804
1.1	7	1.5	0.586938
1.1	7	2	0.592665
1.1	7	2.5	0.594625
1.1	7	3	0.595174
1.1	7	3.5	0.595153
1.1	7	4	0.594898
1.1	7	4.5	0.594552
1.1	7	5	0.59418
1.1	7	5.5	0.593811
1.1	7	6	0.593459
1.1	7	6.5	0.593129
1.1	7	7	0.592823
1.1	7	7.5	0.59254
1.1	7	8	0.592279
1.1	7	8.5	0.592038
1.1	7	9	0.591816
1.1	7	9.5	0.59161
1.1	7	10	0.59142
1.1	7.5	0.5	0.542519
1.1	7.5	1	0.606031
1.1	7.5	1.5	0.626632
1.1	7.5	2	0.633935
1.1	7.5	2.5	0.636639
1.1	7.5	3	0.637556
1.1	7.5	3.5	0.637721
1.1	7.5	4	0.637556
1.1	7.5	4.5	0.637249
1.1	7.5	5	0.636888
1.1	7.5	5.5	0.636515
1.1	7.5	6	0.636149
1.1	7.5	6.5	0.635801
1.1	7.5	7	0.635473
1.1	7.5	7.5	0.635168
1.1	7.5	8	0.634884
1.1	7.5	8.5	0.634621
1.1	7.5	9	0.634377
1.1	7.5	9.5	0.63415
1.1	7.5	10	0.63394
1.1	8	0.5	0.571351
1.1	8	1	0.64158
1.1	8	1.5	0.665853
1.1	8	2	0.674906
1.1	8	2.5	0.678469
1.1	8	3	0.679825
1.1	8	3.5	0.68022
1.1	8	4	0.680175
1.1	8	4.5	0.679928
1.1	8	5	0.679592
1.1	8	5.5	0.679223
1.1	8	6	0.67885
1.1	8	6.5	0.678488
1.1	8	7	0.678142
1.1	8	7.5	0.677817
1.1	8	8	0.677512
1.1	8	8.5	0.677228
1.1	8	9	0.676963
1.1	8	9.5	0.676716
1.1	8	10	0.676486
1.1	8.5	0.5	0.599744
1.1	8.5	1	0.676477
1.1	8.5	1.5	0.704591
1.1	8.5	2	0.715562
1.1	8.5	2.5	0.720098
1.1	8.5	3	0.721967
1.1	8.5	3.5	0.722639
1.1	8.5	4	0.722746
1.1	8.5	4.5	0.72258
1.1	8.5	5	0.722284
1.1	8.5	5.5	0.72193
1.1	8.5	6	0.721558
1.1	8.5	6.5	0.721186
1.1	8.5	7	0.720827
1.1	8.5	7.5	0.720484
1.1	8.5	8	0.720161
1.1	8.5	8.5	0.719857
1.1	8.5	9	0.719572
1.1	8.5	9.5	0.719305
1.1	8.5	10	0.719055
1.1	9	0.5	0.627762
1.1	9	1	0.710754
1.1	9	1.5	0.742844
1.1	9	2	0.755888
1.1	9	2.5	0.76151
1.1	9	3	0.763967
1.1	9	3.5	0.764967
1.1	9	4	0.76526
1.1	9	4.5	0.765197
1.1	9	5	0.764956
1.1	9	5.5	0.76463
1.1	9	6	0.764266
1.1	9	6.5	0.763892
1.1	9	7	0.763523
1.1	9	7.5	0.763167
1.1	9	8	0.762827
1.1	9	8.5	0.762505
1.1	9	9	0.762201
1.1	9	9.5	0.761916
1.1	9	10	0.761648
1.1	9.5	0.5	0.65546
1.1	9.5	1	0.744442
1.1	9.5	1.5	0.780611
1.1	9.5	2	0.795874
1.1	9.5	2.5	0.802692
1.1	9.5	3	0.805813
1.1	9.5	3.5	0.807193
1.1	9.5	4	0.807705
1.1	9.5	4.5	0.807771
1.1	9.5	5	0.807604
1.1	9.5	5.5	0.807316
1.1	9.5	6	0.80697
1.1	9.5	6.5	0.806601
1.1	9.5	7	0.806227
1.1	9.5	7.5	0.805861
1.1	9.5	8	0.805507
1.1	9.5	8.5	0.805169
1.1	9.5	9	0.804849
1.1	9.5	9.5	0.804546
1.1	9.5	10	0.80426
1.1	10	0.5	0.682887
1.1	10	1	0.777574
1.1	10	1.5	0.817896
1.1	10	2	0.83551
1.1	10	2.5	0.843632
1.1	10	3	0.847494
1.1	10	3.5	0.849305
1.1	10	4	0.850075
1.1	10	4.5	0.850295
1.1	10	5	0.850219
1.1	10	5.5	0.849984
1.1	10	6	0.849666
1.1	10	6.5	0.849308
1.1	10	7	0.848935
1.1	10	7.5	0.848563
1.1	10	8	0.848199
1.1	10	8.5	0.847848
1.1	10	9	0.847512
1.1	10	9.5	0.847193
1.1	10	10	0.84689
1.2	0.5	0.5	0.0423445
1.2	0.5	1	0.0421642
1.2	0.5	1.5	0.0420892
1.2	0.5	2	0.042049
1.2	0.5	2.5	0.0420239
1.2	0.5	3	0.0420068
1.2	0.5	3.5	0.0419945
1.2	0.5	4	0.0419851
1.2	0.5	4.5	0.0419777
1.2	0.5	5	0.0419718
1.2	0.5	5.5	0.041967
1.2	0.5	6	0.0419629
1.2	0.5	6.5	0.0419594
1.2	0.5	7	0.0419564
1.2	0.5	7.5	0.0419539
1.2	0.5	8	0.0419516
1.2	0.5	8.5	0.0419496
1.2	0.5	9	0.0419478
1.2	0.5	9.5	0.0419462
1.2	0.5	10	0.0419448
1.2	1	0.5	0.0850219
1.2	1	1	0.084689
1.2	1	1.5	0.0844633
1.2	1	2	0.0843283
1.2	1	2.5	0.0842402
1.2	1	3	0.0841784
1.2	1	3.5	0.0841329
1.2	1	4	0.0840979
1.2	1	4.5	0.0840702
1.2	1	5	0.0840478
1.2	1	5.5	0.0840293
1.2	1	6	0.0840137
1.2	1	6.5	0.0840004
1.2	1	7	0.0839889
1.2	1	7.5	0.083979
1.2	1	8	0.0839702
1.2	1	8.5	0.0839624
1.2	1	9	0.0839555
1.2	1	9.5	0.0839493
1.2	1	10	0.0839436
1.2	1.5	0.5	0.127328
1.2	1.5	1	0.127378
1.2	1.5	1.5	0.127034
1.2	1.5	2	0.126788
1.2	1.5	2.5	0.126617
1.2	1.5	3	0.126492
1.2	1.5	3.5	0.126399
1.2	1.5	4	0.126326
1.2	1.5	4.5	0.126268
1.2	1.5	5	0.12622
1.2	1.5	5.5	0.12618
1.2	1.5	6	0.126147
1.2	1.5	6.5	0.126118
1.2	1.5	7	0.126093
1.2	1.5	7.5	0.126072
1.2	1.5	8	0.126053
1.2	1.5	8.5	0.126036
1.2	1.5	9	0.126021
1.2	1.5	9.5	0.126007
1.2	1.5	10	0.125995
1.2	2	0.5	0.168726
1.2	2	1	0.170044
1.2	2	1.5	0.169713
1.2	2	2	0.169378
1.2	2	2.5	0.169121
1.2	2	3	0.168927
1.2	2	3.5	0.168776
1.2	2	4	0.168657
1.2	2	4.5	0.16856
1.2	2	5	0.16848
1.2	2	5.5	0.168414
1.2	2	6	0.168357
1.2	2	6.5	0.168308
1.2	2	7	0.168266
1.2	2	7.5	0.168229
1.2	2	8	0.168196
1.2	2	8.5	0.168167
1.2	2	9	0.16814
1.2	2	9.5	0.168117
1.2	2	10	0.168096
1.2	2.5	0.5	0.208877
1.2	2.5	1	0.212519
1.2	2.5	1.5	0.212416
1.2	2.5	2	0.21205
1.2	2.5	2.5	0.211723
1.2	2.5	3	0.211459
1.2	2.5	3.5	0.211248
1.2	2.5	4	0.211077
1.2	2.5	4.5	0.210937
1.2	2.5	5	0.210821
1.2	2.5	5.5	0.210722
1.2	2.5	6	0.210638
1.2	2.5	6.5	0.210565
1.2	2.5	7	0.210502
1.2	2.5	7.5	0.210446
1.2	2.5	8	0.210397
1.2	2.5	8.5	0.210353
1.2	2.5	9	0.210313
1.2	2.5	9.5	0.210277
1.2	2.5	10	0.210245
1.2	3	0.5	0.247615
1.2	3	1	0.254656
1.2	3	1.5	0.255066
1.2	3	2	0.254755
1.2	3	2.5	0.254389
1.2	3	3	0.254067
1.2	3	3.5	0.253799
1.2	3	4	0.253576
1.2	3	4.5	0.25339
1.2	3	5	0.253233
1.2	3	5.5	0.2531
1.2	3	6	0.252985
1.2	3	6.5	0.252885
1.2	3	7	0.252798
1.2	3	7.5	0.252721
1.2	3	8	0.252652
1.2	3	8.5	0.252591
1.2	3	9	0.252535
1.2	3	9.5	0.252485
1.2	3	10	0.25244
1.2	3.5	0.5	0.284902
1.2	3.5	1	0.296333
1.2	3.5	1.5	0.297587
1.2	3.5	2	0.297449
1.2	3.5	2.5	0.29709
1.2	3.5	3	0.29673
1.2	3.5	3.5	0.296412
1.2	3.5	4	0.29614
1.2	3.5	4.5	0.295908
1.2	3.5	5	0.29571
1.2	3.5	5.5	0.29554
1.2	3.5	6	0.295392
1.2	3.5	6.5	0.295263
1.2	3.5	7	0.295149
1.2	3.5	7.5	0.295048
1.2	3.5	8	0.294958
1.2	3.5	8.5	0.294878
1.2	3.5	9	0.294805
1.2	3.5	9.5	0.294739
1.2	3.5	10	0.294679
1.2	4	0.5	0.32079
1.2	4	1	0.337453
1.2	4	1.5	0.339913
1.2	4	2	0.340088
1.2	4	2.5	0.339796
1.2	4	3	0.339425
1.2	4	3.5	0.339071
1.2	4	4	0.338756
1.2	4	4.5	0.338481
1.2	4	5	0.338243
1.2	4	5.5	0.338035
1.2	4	6	0.337853
1.2	4	6.5	0.337694
1.2	4	7	0.337552
1.2	4	7.5	0.337426
1.2	4	8	0.337313
1.2	4	8.5	0.337212
1.2	4	9	0.33712
1.2	4	9.5	0.337037
1.2	4	10	0.336961
1.2	4.5	0.5	0.355377
1.2	4.5	1	0.377944
1.2	4.5	1.5	0.381984
1.2	4.5	2	0.38263
1.2	4.5	2.5	0.382478
1.2	4.5	3	0.382133
1.2	4.5	3.5	0.381762
1.2	4.5	4	0.381413
1.2	4.5	4.5	0.381101
1.2	4.5	5	0.380824
1.2	4.5	5.5	0.38058
1.2	4.5	6	0.380364
1.2	4.5	6.5	0.380173
1.2	4.5	7	0.380002
1.2	4.5	7.5	0.37985
1.2	4.5	8	0.379713
1.2	4.5	8.5	0.37959
1.2	4.5	9	0.379477
1.2	4.5	9.5	0.379375
1.2	4.5	10	0.379282
1.2	5	0.5	0.388787
1.2	5	1	0.417755
1.2	5	1.5	0.423747
1.2	5	2	0.425037
1.2	5	2.5	0.42511
1.2	5	3	0.424833
1.2	5	3.5	0.424468
1.2	5	4	0.424099
1.2	5	4.5	0.423756
1.2	5	5	0.423445
1.2	5	5.5	0.423167
1.2	5	6	0.422918
1.2	5	6.5	0.422695
1.2	5	7	0.422496
1.2	5	7.5	0.422317
1.2	5	8	0.422155
1.2	5	8.5	0.422008
1.2	5	9	0.421875
1.2	5	9.5	0.421753
1.2	5	10	0.421642
1.2	5.5	0.5	0.421149
1.2	5.5	1	0.456855
1.2	5.5	1.5	0.465158
1.2	5.5	2	0.467275
1.2	5.5	2.5	0.467664
1.2	5.5	3	0.467505
1.2	5.5	3.5	0.467174
1.2	5.5	4	0.466802
1.2	5.5	4.5	0.466438
1.2	5.5	5	0.466099
1.2	5.5	5.5	0.46579
1.2	5.5	6	0.46551
1.2	5.5	6.5	0.465257
1.2	5.5	7	0.465029
1.2	5.5	7.5	0.464823
1.2	5.5	8	0.464636
1.2	5.5	8.5	0.464465
1.2	5.5	9	0.46431
1.2	5.5	9.5	0.464168
1.2	5.5	10	0.464037
1.2	6	0.5	0.45259
1.2	6	1	0.495229
1.2	6	1.5	0.506179
1.2	6	2	0.509311
1.2	6	2.5	0.510116
1.2	6	3	0.510131
1.2	6	3.5	0.509867
1.2	6	4	0.509511
1.2	6	4.5	0.509138
1.2	6	5	0.508778
1.2	6	5.5	0.508442
1.2	6	6	0.508134
1.2	6	6.5	0.507853
1.2	6	7	0.507597
1.2	6	7.5	0.507364
1.2	6	8	0.507152
1.2	6	8.5	0.506958
1.2	6	9	0.50678
1.2	6	9.5	0.506617
1.2	6	10	0.506467
1.2	6.5	0.5	0.483229
1.2	6.5	1	0.532876
1.2	6.5	1.5	0.546781
1.2	6.5	2	0.551117
1.2	6.5	2.5	0.552444
1.2	6.5	3	0.552693
1.2	6.5	3.5	0.552531
1.2	6.5	4	0.552213
1.2	6.5	4.5	0.551845
1.2	6.5	5	0.551474
1.2	6.5	5.5	0.551118
1.2	6.5	6	0.550786
1.2	6.5	6.5	0.550479
1.2	6.5	7	0.550197
1.2	6.5	7.5	0.549938
1.2	6.5	8	0.549701
1.2	6.5	8.5	0.549483
1.2	6.5	9	0.549283
1.2	6.5	9.5	0.549099
1.2	6.5	10	0.548928
1.2	7	0.5	0.513173
1.2	7	1	0.569804
1.2	7	1.5	0.586938
1.2	7	2	0.592665
1.2	7	2.5	0.594625
1.2	7	3	0.595174
1.2	7	3.5	0.595153
1.2	7	4	0.594898
1.2	7	4.5	0.594552
1.2	7	5	0.59418
1.2	7	5.5	0.593811
1.2	7	6	0.593459
1.2	7	6.5	0.593129
1.2	7	7	0.592823
1.2	7	7.5	0.59254
1.2	7	8	0.592279
1.2	7	8.5	0.592038
1.2	7	9	0.591816
1.2	7	9.5	0.59161
1.2	7	10	0.59142
1.2	7.5	0.5	0.542519
1.2	7.5	1	0.606031
1.2	7.5	1.5	0.626632
1.2	7.5	2	0.633935
1.2	7.5	2.5	0.636639
1.2	7.5	3	0.637556
1.2	7.5	3.5	0.637721
1.2	7.5	4	0.637556
1.2	7.5	4.5	0.637249
1.2	7.5	5	0.636888
1.2	7.5	5.5	0.636515
1.2	7.5	6	0.636149
1.2	7.5	6.5	0.635801
1.2	7.5	7	0.635473
1.2	7.5	7.5	0.635168
1.2	7.5	8	0.634884
1.2	7.5	8.5	0.634621
1.2	7.5	9	0.634377
1.2	7.5	9.5	0.63415
1.2	7.5	10	0.63394
1.2	8	0.5	0.571351
1.2	8	1	0.64158
1.2	8	1.5	0.665853
1.2	8	2	0.674906
1.2	8	2.5	0.678469
1.2	8	3	0.679825
1.2	8	3.5	0.68022
1.2	8	4	0.680175
1.2	8	4.5	0.679928
1.2	8	5	0.679592
1.2	8	5.5	0.679223
1.2	8	6	0.67885
1.2	8	6.5	0.678488
1.2	8	7	0.678142
1.2	8	7.5	0.677817
1.2	8	8	0.677512
1.2	8	8.5	0.677228
1.2	8	9	0.676963
1.2	8	9.5	0.676716
1.2	8	10	0.676486
1.2	8.5	0.5	0.599744
1.2	8.5	1	0.676477
1.2	8.5	1.5	0.704591
1.2	8.5	2	0.715562
1.2	8.5	2.5	0.720098
1.2	8.5	3	0.721967
1.2	8.5	3.5	0.722639
1.2	8.5	4	0.722746
1.2	8.5	4.5	0.72258
1.2	8.5	5	0.722284
1.2	8.5	5.5	0.72193
1.2	8.5	6	0.721558
1.2	8.5	6.5	0.721186
1.2	8.5	7	0.720827
1.2	8.5	7.5	0.720484
1.2	8.5	8	0.720161
1.2	8.5	8.5	0.719857
1.2	8.5	9	0.719572
1.2	8.5	9.5	0.719305
1.2	8.5	10	0.719055
1.2	9	0.5	0.627762
1.2	9	1	0.710754
1.2	9	1.5	0.742844
1.2	9	2	0.755888
1.2	9	2.5	0.76151
1.2	9	3	0.763967
1.2	9	3.5	0.764967
1.2	9	4	0.76526
1.2	9	4.5	0.765197
1.2	9	5	0.764956
1.2	9	5.5	0.76463
1.2	9	6	0.764266
1.2	9	6.5	0.763892
1.2	9	7	0.763523
1.2	9	7.5	0.763167
1.2	9	8	0.762827
1.2	9	8.5	0.762505
1.2	9	9	0.762201
1.2	9	9.5	0.761916
1.2	9	10	0.761648
1.2	9.5	0.5	0.65546
1.2	9.5	1	0.744442
1.2	9.5	1.5	0.780611
1.2	9.5	2	0.795874
1.2	9.5	2.5	0.802692
1.2	9.5	3	0.805813
1.2	9.5	3.5	0.807193
1.2	9.5	4	0.807705
1.2	9.5	4.5	0.807771
1.2	9.5	5	0.807604
1.2	9.5	5.5	0.807316
1.2	9.5	6	0.80697
1.2	9.5	6.5	0.806601
1.2	9.5	7	0.806227
1.2	9.5	7.5	0.805861
1.2	9.5	8	0.805507
1.2	9.5	8.5	0.805169
1.2	9.5	9	0.804849
1.2	9.5	9.5	0.804546
1.2	9.5	10	0.80426
1.2	10	0.5	0.682887
1.2	10	1	0.777574
1.2	10	1.5	0.817896
1.2	10	2	0.83551
1.2	10	2.5	0.843632
1.2	10	3	0.847494
1.2	10	3.5	0.849305
1.2	10	4	0.850075
1.2	10	4.5	0.850295
1.2	10	5	0.850219
1.2	10	5.5	0.849984
1.2	10	6	0.849666
1.2	10	6.5	0.849308
1.2	10	7	0.848935
1.2	10	7.5	0.848563
1.2	10	8	0.848199
1.2	10	8.5	0.847848
1.2	10	9	0.847512
1.2	10	9.5	0.847193
1.2	10	10	0.84689
1.3	0.5	0.5	0.0423445
1.3	0.5	1	0.0421642
1.3	0.5	1.5	0.0420892
1.3	0.5	2	0.042049
1.3	0.5	2.5	0.0420239
1.3	0.5	3	0.0420068
1.3	0.5	3.5	0.0419945
1.3	0.5	4	0.0419851
1.3	0.5	4.5	0.0419777
1.3	0.5	5	0.0419718
1.3	0.5	5.5	0.041967
1.3	0.5	6	0.0419629
1.3	0.5	6.5	0.0419594
1.3	0.5	7	0.0419564
1.3	0.5	7.5	0.0419539
1.3	0.5	8	0.0419516
1.3	0.5	8.5	0.0419496
1.3	0.5	9	0.0419478
1.3	0.5	9.5	0.0419462
1.3	0.5	10	0.0419448
1.3	1	0.5	0.0850219
1.3	1	1	0.084689
1.3	1	1.5	0.0844633
1.3	1	2	0.0843283
1.3	1	2.5	0.0842402
1.3	1	3	0.0841784
1.3	1	3.5	0.0841329
1.3	1	4	0.0840979
1.3	1	4.5	0.0840702
1.3	1	5	0.0840478
1.3	1	5.5	0.0840293
1.3	1	6	0.0840137
1.3	1	6.5	0.0840004
1.3	1	7	0.0839889
1.3	1	7.5	0.083979
1.3	1	8	0.0839702
1.3	1	8.5	0.0839624
1.3	1	9	0.0839555
1.3	1	9.5	0.0839493
1.3	1	10	0.0839436
1.3	1.5	0.5	0.127328
1.3	1.5	1	0.127378
1.3	1.5	1.5	0.127034
1.3	1.5	2	0.126788
1.3	1.5	2.5	0.126617
1.3	1.5	3	0.126492
1.3	1.5	3.5	0.126399
1.3	1.5	4	0.126326
1.3	1.5	4.5	0.126268
1.3	1.5	5	0.12622
1.3	1.5	5.5	0.12618
1.3	1.5	6	0.126147
1.3	1.5	6.5	0.126118
1.3	1.5	7	0.126093
1.3	1.5	7.5	0.126072
1.3	1.5	8	0.126053
1.3	1.5	8.5	0.126036
1.3	1.5	9	0.126021
1.3	1.5	9.5	0.126007
1.3	1.5	10	0.125995
1.3	2	0.5	0.168726
1.3	2	1	0.170044
1.3	2	1.5	0.169713
1.3	2	2	0.169378
1.3	2	2.5	0.169121
1.3	2	3	0.168927
1.3	2	3.5	0.168776
1.3	2	4	0.168657
1.3	2	4.5	0.16856
1.3	2	5	0.16848
1.3	2	5.5	0.168414
1.3	2	6	0.168357
1.3	2	6.5	0.168308
1.3	2	7	0.168266
1.3	2	7.5	0.168229
1.3	2	8	0.168196
1.3	2	8.5	0.168167
1.3	2	9	0.16814
1.3	2	9.5	0.168117
1.3	2	10	0.168096
1.3	2.5	0.5	0.208877
1.3	2.5	1	0.212519
1.3	2.5	1.5	0.212416
1.3	2.5	2	0.21205
1.3	2.5	2.5	0.211723
1.3	2.5	3	0.211459
1.3	2.5	3.5	0.211248
1.3	2.5	4	0.211077
1.3	2.5	4.5	0.210937
1.3	2.5	5	0.210821
1.3	2.5	5.5	0.210722
1.3	2.5	6	0.210638
1.3	2.5	6.5	0.210565
1.3	2.5	7	0.210502
1.3	2.5	7.5	0.210446
1.3	2.5	8	0.210397
1.3	2.5	8.5	0.210353
1.3	2.5	9	0.210313
1.3	2.5	9.5	0.210277
1.3	2.5	10	0.210245
1.3	3	0.5	0.247615
1.3	3	1	0.254656
1.3	3	1.5	0.255066
1.3	3	2	0.254755
1.3	3	2.5	0.254389
1.3	3	3	0.254067
1.3	3	3.5	0.253799
1.3	3	4	0.253576
1.3	3	4.5	0.25339
1.3	3	5	0.253233
1.3	3	5.5	0.2531
1.3	3	6	0.252985
1.3	3	6.5	0.252885
1.3	3	7	0.252798
1.3	3	7.5	0.252721
1.3	3	8	0.252652
1.3	3	8.5	0.252591
1.3	3	9	0.252535
1.3	3	9.5	0.252485
1.3	3	10	0.25244
1.3	3.5	0.5	0.284902
1.3	3.5	1	0.296333
1.3	3.5	1.5	0.297587
1.3	3.5	2	0.297449
1.3	3.5	2.5	0.29709
1.3	3.5	3	0.29673
1.3	3.5	3.5	0.296412
1.3	3.5	4	0.29614
1.3	3.5	4.5	0.295908
1.3	3.5	5	0.29571
1.3	3.5	5.5	0.29554
1.3	3.5	6	0.295392
1.3	3.5	6.5	0.295263
1.3	3.5	7	0.295149
1.3	3.5	7.5	0.295048
1.3	3.5	8	0.294958
1.3	3.5	8.5	0.294878
1.3	3.5	9	0.294805
1.3	3.5	9.5	0.294739
1.3	3.5	10	0.294679
1.3	4	0.5	0.32079
1.3	4	1	0.337453
1.3	4	1.5	0.339913
1.3	4	2	0.340088
1.3	4	2.5	0.339796
1.3	4	3	0.339425
1.3	4	3.5	0.339071
1.3	4	4	0.338756
1.3	4	4.5	0.338481
1.3	4	5	0.338243
1.3	4	5.5	0.338035
1.3	4	6	0.337853
1.3	4	6.5	0.337694
1.3	4	7	0.337552
1.3	4	7.5	0.337426
1.3	4	8	0.337313
1.3	4	8.5	0.337212
1.3	4	9	0.33712
1.3	4	9.5	0.337037
1.3	4	10	0.336961
1.3	4.5	0.5	0.355377
1.3	4.5	1	0.377944
1.3	4.5	1.5	0.381984
1.3	4.5	2	0.38263
1.3	4.5	2.5	0.382478
1.3	4.5	3	0.382133
1.3	4.5	3.5	0.381762
1.3	4.5	4	0.381413
1.3	4.5	4.5	0.381101
1.3	4.5	5	0.380824
1.3	4.5	5.5	0.38058
1.3	4.5	6	0.380364
1.3	4.5	6.5	0.380173
1.3	4.5	7	0.380002
1.3	4.5	7.5	0.37985
1.3	4.5	8	0.379713
1.3	4.5	8.5	0.37959
1.3	4.5	9	0.379477
1.3	4.5	9.5	0.379375
1.3	4.5	10	0.379282
1.3	5	0.5	0.388787
1.3	5	1	0.417755
1.3	5	1.5	0.423747
1.3	5	2	0.425037
1.3	5	2.5	0.42511
1.3	5	3	0.424833
1.3	5	3.5	0.424468
1.3	5	4	0.424099
1.3	5	4.5	0.423756
1.3	5	5	0.423445
1.3	5	5.5	0.423167
1.3	5	6	0.422918
1.3	5	6.5	0.422695
1.3	5	7	0.422496
1.3	5	7.5	0.422317
1.3	5	8	0.422155
1.3	5	8.5	0.422008
1.3	5	9	0.421875
1.3	5	9.5	0.421753
1.3	5	10	0.421642
1.3	5.5	0.5	0.421149
1.3	5.5	1	0.456855
1.3	5.5	1.5	0.465158
1.3	5.5	2	0.467275
1.3	5.5	2.5	0.467664
1.3	5.5	3	0.467505
1.3	5.5	3.5	0.467174
1.3	5.5	4	0.466802
1.3	5.5	4.5	0.466438
1.3	5.5	5	0.466099
1.3	5.5	5.5	0.46579
1.3	5.5	6	0.46551
1.3	5.5	6.5	0.465257
1.3	5.5	7	0.465029
1.3	5.5	7.5	0.464823
1.3	5.5	8	0.464636
1.3	5.5	8.5	0.464465
1.3	5.5	9	0.46431
1.3	5.5	9.5	0.464168
1.3	5.5	10	0.464037
1.3	6	0.5	0.45259
1.3	6	1	0.495229
1.3	6	1.5	0.506179
1.3	6	2	0.509311
1.3	6	2.5	0.510116
1.3	6	3	0.510131
1.3	6	3.5	0.509867
1.3	6	4	0.509511
1.3	6	4.5	0.509138
1.3	6	5	0.508778
1.3	6	5.5	0.508442
1.3	6	6	0.508134
1.3	6	6.5	0.507853
1.3	6	7	0.507597
1.3	6	7.5	0.507364
1.3	6	8	0.507152
1.3	6	8.5	0.506958
1.3	6	9	0.50678
1.3	6	9.5	0.506617
1.3	6	10	0.506467
1.3	6.5	0.5	0.483229
1.3	6.5	1	0.532876
1.3	6.5	1.5	0.546781
1.3	6.5	2	0.551117
1.3	6.5	2.5	0.552444
1.3	6.5	3	0.552693
1.3	6.5	3.5	0.552531
1.3	6.5	4	0.552213
1.3	6.5	4.5	0.551845
1.3	6.5	5	0.551474
1.3	6.5	5.5	0.551118
1.3	6.5	6	0.550786
1.3	6.5	6.5	0.550479
1.3	6.5	7	0.550197
1.3	6.5	7.5	0.549938
1.3	6.5	8	0.549701
1.3	6.5	8.5	0.549483
1.3	6.5	9	0.549283
1.3	6.5	9.5	0.549099
1.3	6.5	10	0.548928
1.3	7	0.5	0.513173
1.3	7	1	0.569804
1.3	7	1.5	0.586938
1.3	7	2	0.592665
1.3	7	2.5	0.594625
1.3	7	3	0.595174
1.3	7	3.5	0.595153
1.3	7	4	0.594898
1.3	7	4.5	0.594552
1.3	7	5	0.59418
1.3	7	5.5	0.593811
1.3	7	6	0.593459
1.3	7	6.5	0.593129
1.3	7	7	0.592823
1.3	7	7.5	0.59254
1.3	7	8	0.592279
1.3	7	8.5	0.592038
1.3	7	9	0.591816
1.3	7	9.5	0.59161
1.3	7	10	0.59142
1.3	7.5	0.5	0.542519
1.3	7.5	1	0.606031
1.3	7.5	1.5	0.626632
1.3	7.5	2	0.633935
1.3	7.5	2.5	0.636639
1.3	7.5	3	0.637556
1.3	7.5	3.5	0.637721
1.3	7.5	4	0.637556
1.3	7.5	4.5	0.637249
1.3	7.5	5	0.636888
1.3	7.5	5.5	0.636515
1.3	7.5	6	0.636149
1.3	7.5	6.5	0.635801
1.3	7.5	7	0.635473
1.3	7.5	7.5	0.635168
1.3	7.5	8	0.634884
1.3	7.5	8.5	0.634621
1.3	7.5	9	0.634377
1.3	7.5	9.5	0.63415
1.3	7.5	10	0.63394
1.3	8	0.5	0.571351
1.3	8	1	0.64158
1.3	8	1.5	0.665853
1.3	8	2	0.674906
1.3	8	2.5	0.678469
1.3	8	3	0.679825
1.3	8	3.5	0.68022
1.3	8	4	0.680175
1.3	8	4.5	0.679928
1.3	8	5	0.679592
1.3	8	5.5	0.679223
1.3	8	6	0.67885
1.3	8	6.5	0.678488
1.3	8	7	0.678142
1.3	8	7.5	0.677817
1.3	8	8	0.677512
1.3	8	8.5	0.677228
1.3	8	9	0.676963
1.3	8	9.5	0.676716
1.3	8	10	0.676486
1.3	8.5	0.5	0.599744
1.3	8.5	1	0.676477
1.3	8.5	1.5	0.704591
1.3	8.5	2	0.715562
1.3	8.5	2.5	0.720098
1.3	8.5	3	0.721967
1.3	8.5	3.5	0.722639
1.3	8.5	4	0.722746
1.3	8.5	4.5	0.72258
1.3	8.5	5	0.722284
1.3	8.5	5.5	0.72193
1.3	8.5	6	0.721558
1.3	8.5	6.5	0.721186
1.3	8.5	7	0.720827
1.3	8.5	7.5	0.720484
1.3	8.5	8	0.720161
1.3	8.5	8.5	0.719857
1.3	8.5	9	0.719572
1.3	8.5	9.5	0.719305
1.3	8.5	10	0.719055
1.3	9	0.5	0.627762
1.3	9	1	0.710754
1.3	9	1.5	0.742844
1.3	9	2	0.755888
1.3	9	2.5	0.76151
1.3	9	3	0.763967
1.3	9	3.5	0.764967
1.3	9	4	0.76526
1.3	9	4.5	0.765197
1.3	9	5	0.764956
1.3	9	5.5	0.76463
1.3	9	6	0.764266
1.3	9	6.5	0.763892
1.3	9	7	0.763523
1.3	9	7.5	0.763167
1.3	9	8	0.762827
1.3	9	8.5	0.762505
1.3	9	9	0.762201
1.3	9	9.5	0.761916
1.3	9	10	0.761648
1.3	9.5	0.5	0.65546
1.3	9.5	1	0.744442
1.3	9.5	1.5	0.780611
1.3	9.5	2	0.795874
1.3	9.5	2.5	0.802692
1.3	9.5	3	0.805813
1.3	9.5	3.5	0.807193
1.3	9.5	4	0.807705
1.3	9.5	4.5	0.807771
1.3	9.5	5	0.807604
1.3	9.5	5.5	0.807316
1.3	9.5	6	0.80697
1.3	9.5	6.5	0.806601
1.3	9.5	7	0.806227
1.3	9.5	7.5	0.805861
1.3	9.5	8	0.805507
1.3	9.5	8.5	0.805169
1.3	9.5	9	0.804849
1.3	9.5	9.5	0.804546
1.3	9.5	10	0.80426
1.3	10	0.5	0.682887
1.3	10	1	0.777574
1.3	10	1.5	0.817896
1.3	10	2	0.83551
1.3	10	2.5	0.843632
1.3	10	3	0.847494
1.3	10	3.5	0.849305
1.3	10	4	0.850075
1.3	10	4.5	0.850295
1.3	10	5	0.850219
1.3	10	5.5	0.849984
1.3	10	6	0.849666
1.3	10	6.5	0.849308
1.3	10	7	0.848935
1.3	10	7.5	0.848563
1.3	10	8	0.848199
1.3	10	8.5	0.847848
1.3	10	9	0.847512
1.3	10	9.5	0.847193
1.3	10	10	0.84689
1.4	0.5	0.5	0.0423445
1.4	0.5	1	0.0421642
1.4	0.5	1.5	0.0420892
1.4	0.5	2	0.042049
1.4	0.5	2.5	0.0420239
1.4	0.5	3	0.0420068
1.4	0.5	3.5	0.0419945
1.4	0.5	4	0.0419851
1.4	0.5	4.5	0.0419777
1.4	0.5	5	0.0419718
1.4	0.5	5.5	0.041967
1.4	0.5	6	0.0419629
1.4	0.5	6.5	0.0419594
1.4	0.5	7	0.0419564
1.4	0.5	7.5	0.0419539
1.4	0.5	8	0.0419516
1.4	0.5	8.5	0.0419496
1.4	0.5	9	0.0419478
1.4	0.5	9.5	0.0419462
1.4	0.5	10	0.0419448
1.4	1	0.5	0.0850219
1.4	1	1	0.084689
1.4	1	1.5	0.0844633
1.4	1	2	0.0843283
1.4	1	2.5	0.0842402
1.4	1	3	0.0841784
1.4	1	3.5	0.0841329
1.4	1	4	0.0840979
1.4	1	4.5	0.0840702
1.4	1	5	0.0840478
1.4	1	5.5	0.0840293
1.4	1	6	0.0840137
1.4	1	6.5	0.0840004
1.4	1	7	0.0839889
1.4	1	7.5	0.083979
1.4	1	8	0.0839702
1.4	1	8.5	0.0839624
1.4	1	9	0.0839555
1.4	1	9.5	0.0839493
1.4	1	10	0.0839436
1.4	1.5	0.5	0.127328
1.4	1.5	1	0.127378
1.4	1.5	1.5	0.127034
1.4	1.5	2	0.126788
1.4	1.5	2.5	0.126617
1.4	1.5	3	0.126492
1.4	1.5	3.5	0.126399
1.4	1.5	4	0.126326
1.4	1.5	4.5	0.126268
1.4	1.5	5	0.12622
1.4	1.5	5.5	0.12618
1.4	1.5	6	0.126147
1.4	1.5	6.5	0.126118
1.4	1.5	7	0.126093
1.4	1.5	7.5	0.126072
1.4	1.5	8	0.126053
1.4	1.5	8.5	0.126036
1.4	1.5	9	0.126021
1.4	1.5	9.5	0.126007
1.4	1.5	10	0.125995
1.4	2	0.5	0.168726
1.4	2	1	0.170044
1.4	2	1.5	0.169713
1.4	2	2	0.169378
1.4	2	2.5	0.169121
1.4	2	3	0.168927
1.4	2	3.5	0.168776
1.4	2	4	0.168657
1.4	2	4.5	0.16856
1.4	2	5	0.16848
1.4	2	5.5	0.168414
1.4	2	6	0.168357
1.4	2	6.5	0.168308
1.4	2	7	0.168266
1.4	2	7.5	0.168229
1.4	2	8	0.168196
1.4	2	8.5	0.168167
1.4	2	9	0.16814
1.4	2	9.5	0.168117
1.4	2	10	0.168096
1.4	2.5	0.5	0.208877
1.4	2.5	1	0.212519
1.4	2.5	1.5	0.212416
1.4	2.5	2	0.21205
1.4	2.5	2.5	0.211723
1.4	2.5	3	0.211459
1.4	2.5	3.5	0.211248
1.4	2.5	4	0.211077
1.4	2.5	4.5	0.210937
1.4	2.5	5	0.210821
1.4	2.5	5.5	0.210722
1.4	2.5	6	0.210638
1.4	2.5	6.5	0.210565
1.4	2.5	7	0.210502
1.4	2.5	7.5	0.210446
1.4	2.5	8	0.210397
1.4	2.5	8.5	0.210353
1.4	2.5	9	0.210313
1.4	2.5	9.5	0.210277
1.4	2.5	10	0.210245
1.4	3	0.5	0.247615
1.4	3	1	0.254656
1.4	3	1.5	0.255066
1.4	3	2	0.254755
1.4	3	2.5	0.254389
1.4	3	3	0.254067
1.4	3	3.5	0.253799
1.4	3	4	0.253576
1.4	3	4.5	0.25339
1.4	3	5	0.253233
1.4	3	5.5	0.2531
1.4	3	6	0.252985
1.4	3	6.5	0.252885
1.4	3	7	0.252798
1.4	3	7.5	0.252721
1.4	3	8	0.252652
1.4	3	8.5	0.252591
1.4	3	9	0.252535
1.4	3	9.5	0.252485
1.4	3	10	0.25244
1.4	3.5	0.5	0.284902
1.4	3.5	1	0.296333
1.4	3.5	1.5	0.297587
1.4	3.5	2	0.297449
1.4	3.5	2.5	0.29709
1.4	3.5	3	0.29673
1.4	3.5	3.5	0.296412
1.4	3.5	4	0.29614
1.4	3.5	4.5	0.295908
1.4	3.5	5	0.29571
1.4	3.5	5.5	0.29554
1.4	3.5	6	0.295392
1.4	3.5	6.5	0.295263
1.4	3.5	7	0.295149
1.4	3.5	7.5	0.295048
1.4	3.5	8	0.294958
1.4	3.5	8.5	0.294878
1.4	3.5	9	0.294805
1.4	3.5	9.5	0.294739
1.4	3.5	10	0.294679
1.4	4	0.5	0.32079
1.4	4	1	0.337453
1.4	4	1.5	0.339913
1.4	4	2	0.340088
1.4	4	2.5	0.339796
1.4	4	3	0.339425
1.4	4	3.5	0.339071
1.4	4	4	0.338756
1.4	4	4.5	0.338481
1.4	4	5	0.338243
1.4	4	5.5	0.338035
1.4	4	6	0.337853
1.4	4	6.5	0.337694
1.4	4	7	0.337552
1.4	4	7.5	0.337426
1.4	4	8	0.337313
1.4	4	8.5	0.337212
1.4	4	9	0.33712
1.4	4	9.5	0.337037
1.4	4	10	0.336961
1.4	4.5	0.5	0.355377
1.4	4.5	1	0.377944
1.4	4.5	1.5	0.381984
1.4	4.5	2	0.38263
1.4	4.5	2.5	0.382478
1.4	4.5	3	0.382133
1.4	4.5	3.5	0.381762
1.4	4.5	4	0.381413
1.4	4.5	4.5	0.381101
1.4	4.5	5	0.380824
1.4	4.5	5.5	0.38058
1.4	4.5	6	0.380364
1.4	4.5	6.5	0.380173
1.4	4.5	7	0.380002
1.4	4.5	7.5	0.37985
1.4	4.5	8	0.379713
1.4	4.5	8.5	0.37959
1.4	4.5	9	0.379477
1.4	4.5	9.5	0.379375
1.4	4.5	10	0.379282
1.4	5	0.5	0.388787
1.4	5	1	0.417755
1.4	5	1.5	0.423747
1.4	5	2	0.425037
1.4	5	2.5	0.42511
1.4	5	3	0.424833
1.4	5	3.5	0.424468
1.4	5	4	0.424099
1.4	5	4.5	0.423756
1.4	5	5	0.423445
1.4	5	5.5	0.423167
1.4	5	6	0.422918
1.4	5	6.5	0.422695
1.4	5	7	0.422496
1.4	5	7.5	0.422317
1.4	5	8	0.422155
1.4	5	8.5	0.422008
1.4	5	9	0.421875
1.4	5	9.5	0.421753
1.4	5	10	0.421642
1.4	5.5	0.5	0.421149
1.4	5.5	1	0.456855
1.4	5.5	1.5	0.465158
1.4	5.5	2	0.467275
1.4	5.5	2.5	0.467664
1.4	5.5	3	0.467505
1.4	5.5	3.5	0.467174
1.4	5.5	4	0.466802
1.4	5.5	4.5	0.466438
1.4	5.5	5	0.466099
1.4	5.5	5.5	0.46579
1.4	5.5	6	0.46551
1.4	5.5	6.5	0.465257
1.4	5.5	7	0.465029
1.4	5.5	7.5	0.464823
1.4	5.5	8	0.464636
1.4	5.5	8.5	0.464465
1.4	5.5	9	0.46431
1.4	5.5	9.5	0.464168
1.4	5.5	10	0.464037
1.4	6	0.5	0.45259
1.4	6	1	0.495229
1.4	6	1.5	0.506179
1.4	6	2	0.509311
1.4	6	2.5	0.510116
1.4	6	3	0.510131
1.4	6	3.5	0.509867
1.4	6	4	0.509511
1.4	6	4.5	0.509138
1.4	6	5	0.508778
1.4	6	5.5	0.508442
1.4	6	6	0.508134
1.4	6	6.5	0.507853
1.4	6	7	0.507597
1.4	6	7.5	0.507364
1.4	6	8	0.507152
1.4	6	8.5	0.506958
1.4	6	9	0.50678
1.4	6	9.5	0.506617
1.4	6	10	0.506467
1.4	6.5	0.5	0.483229
1.4	6.5	1	0.532876
1.4	6.5	1.5	0.546781
1.4	6.5	2	0.551117
1.4	6.5	2.5	0.552444
1.4	6.5	3	0.552693
1.4	6.5	3.5	0.552531
1.4	6.5	4	0.552213
1.4	6.5	4.5	0.551845
1.4	6.5	5	0.551474
1.4	6.5	5.5	0.551118
1.4	6.5	6	0.550786
1.4	6.5	6.5	0.550479
1.4	6.5	7	0.550197
1.4	6.5	7.5	0.549938
1.4	6.5	8	0.549701
1.4	6.5	8.5	0.549483
1.4	6.5	9	0.549283
1.4	6.5	9.5	0.549099
1.4	6.5	10	0.548928
1.4	7	0.5	0.513173
1.4	7	1	0.569804
1.4	7	1.5	0.586938
1.4	7	2	0.592665
1.4	7	2.5	0.594625
1.4	7	3	0.595174
1.4	7	3.5	0.595153
1.4	7	4	0.594898
1.4	7	4.5	0.594552
1.4	7	5	0.59418
1.4	7	5.5	0.593811
1.4	7	6	0.593459
1.4	7	6.5	0.593129
1.4	7	7	0.592823
1.4	7	7.5	0.59254
1.4	7	8	0.592279
1.4	7	8.5	0.592038
1.4	7	9	0.591816
1.4	7	9.5	0.59161
1.4	7	10	0.59142
1.4	7.5	0.5	0.542519
1.4	7.5	1	0.606031
1.4	7.5	1.5	0.626632
1.4	7.5	2	0.633935
1.4	7.5	2.5	0.636639
1.4	7.5	3	0.637556
1.4	7.5	3.5	0.637721
1.4	7.5	4	0.637556
1.4	7.5	4.5	0.637249
1.4	7.5	5	0.636888
1.4	7.5	5.5	0.636515
1.4	7.5	6	0.636149
1.4	7.5	6.5	0.635801
1.4	7.5	7	0.635473
1.4	7.5	7.5	0.635168
1.4	7.5	8	0.634884
1.4	7.5	8.5	0.634621
1.4	7.5	9	0.634377
1.4	7.5	9.5	0.63415
1.4	7.5	10	0.63394
1.4	8	0.5	0.571351
1.4	8	1	0.64158
1.4	8	1.5	0.665853
1.4	8	2	0.674906
1.4	8	2.5	0.678469
1.4	8	3	0.679825
1.4	8	3.5	0.68022
1.4	8	4	0.680175
1.4	8	4.5	0.679928
1.4	8	5	0.679592
1.4	8	5.5	0.679223
1.4	8	6	0.67885
1.4	8	6.5	0.678488
1.4	8	7	0.678142
1.4	8	7.5	0.677817
1.4	8	8	0.677512
1.4	8	8.5	0.677228
1.4	8	9	0.676963
1.4	8	9.5	0.676716
1.4	8	10	0.676486
1.4	8.5	0.5	0.599744
1.4	8.5	1	0.676477
1.4	8.5	1.5	0.704591
1.4	8.5	2	0.715562
1.4	8.5	2.5	0.720098
1.4	8.5	3	0.721967
1.4	8.5	3.5	0.722639
1.4	8.5	4	0.722746
1.4	8.5	4.5	0.72258
1.4	8.5	5	0.722284
1.4	8.5	5.5	0.72193
1.4	8.5	6	0.721558
1.4	8.5	6.5	0.721186
1.4	8.5	7	0.720827
1.4	8.5	7.5	0.720484
1.4	8.5	8	0.720161
1.4	8.5	8.5	0.719857
1.4	8.5	9	0.719572
1.4	8.5	9.5	0.719305
1.4	8.5	10	0.719055
1.4	9	0.5	0.627762
1.4	9	1	0.710754
1.4	9	1.5	0.742844
1.4	9	2	0.755888
1.4	9	2.5	0.76151
1.4	9	3	0.763967
1.4	9	3.5	0.764967
1.4	9	4	0.76526
1.4	9	4.5	0.765197
1.4	9	5	0.764956
1.4	9	5.5	0.76463
1.4	9	6	0.764266
1.4	9	6.5	0.763892
1.4	9	7	0.763523
1.4	9	7.5	0.763167
1.4	9	8	0.762827
1.4	9	8.5	0.762505
1.4	9	9	0.762201
1.4	9	9.5	0.761916
1.4	9	10	0.761648
1.4	9.5	0.5	0.65546
1.4	9.5	1	0.744442
1.4	9.5	1.5	0.780611
1.4	9.5	2	0.795874
1.4	9.5	2.5	0.802692
1.4	9.5	3	0.805813
1.4	9.5	3.5	0.807193
1.4	9.5	4	0.807705
1.4	9.5	4.5	0.807771
1.4	9.5	5	0.807604
1.4	9.5	5.5	0.807316
1.4	9.5	6	0.80697
1.4	9.5	6.5	0.806601
1.4	9.5	7	0.806227
1.4	9.5	7.5	0.805861
1.4	9.5	8	0.805507
1.4	9.5	8.5	0.805169
1.4	9.5	9	0.804849
1.4	9.5	9.5	0.804546
1.4	9.5	10	0.80426
1.4	10	0.5	0.682887
1.4	10	1	0.777574
1.4	10	1.5	0.817896
1.4	10	2	0.83551
1.4	10	2.5	0.843632
1.4	10	3	0.847494
1.4	10	3.5	0.849305
1.4	10	4	0.850075
1.4	10	4.5	0.850295
1.4	10	5	0.850219
1.4	10	5.5	0.849984
1.4	10	6	0.849666
1.4	10	6.5	0.849308
1.4	10	7	0.848935
1.4	10	7.5	0.848563
1.4	10	8	0.848199
1.4	10	8.5	0.847848
1.4	10	9	0.847512
1.4	10	9.5	0.847193
1.4	10	10	0.84689
1.5	0.5	0.5	0.0423445
1.5	0.5	1	0.0421642
1.5	0.5	1.5	0.0420892
1.5	0.5	2	0.042049
1.5	0.5	2.5	0.0420239
1.5	0.5	3	0.0420068
1.5	0.5	3.5	0.0419945
1.5	0.5	4	0.0419851
1.5	0.5	4.5	0.0419777
1.5	0.5	5	0.0419718
1.5	0.5	5.5	0.041967
1.5	0.5	6	0.0419629
1.5	0.5	6.5	0.0419594
1.5	0.5	7	0.0419564
1.5	0.5	7.5	0.0419539
1.5	0.5	8	0.0419516
1.5	0.5	8.5	0.0419496
1.5	0.5	9	0.0419478
1.5	0.5	9.5	0.0419462
1.5	0.5	10	0.0419448
1.5	1	0.5	0.0850219
1.5	1	1	0.084689
1.5	1	1.5	0.0844633
1.5	1	2	0.0843283
1.5	1	2.5	0.0842402
1.5	1	3	0.0841784
1.5	1	3.5	0.0841329
1.5	1	4	0.0840979
1.5	1	4.5	0.0840702
1.5	1	5	0.0840478
1.5	1	5.5	0.0840293
1.5	1	6	0.0840137
1.5	1	6.5	0.0840004
1.5	1	7	0.0839889
1.5	1	7.5	0.083979
1.5	1	8	0.0839702
1.5	1	8.5	0.0839624
1.5	1	9	0.0839555
1.5	1	9.5	0.0839493
1.5	1	10	0.0839436
1.5	1.5	0.5	0.127328
1.5	1.5	1	0.127378
1.5	1.5	1.5	0.127034
1.5	1.5	2	0.126788
1.5	1.5	2.5	0.126617
1.5	1.5	3	0.126492
1.5	1.5	3.5	0.126399
1.5	1.5	4	0.126326
1.5	1.5	4.5	0.126268
1.5	1.5	5	0.12622
1.5	1.5	5.5	0.12618
1.5	1.5	6	0.126147
1.5	1.5	6.5	0.126118
1.5	1.5	7	0.126093
1.5	1.5	7.5	0.126072
1.5	1.5	8	0.126053
1.5	1.5	8.5	0.126036
1.5	1.5	9	0.126021
1.5	1.5	9.5	0.126007
1.5	1.5	10	0.125995
1.5	2	0.5	0.168726
1.5	2	1	0.170044
1.5	2	1.5	0.169713
1.5	2	2	0.169378
1.5	2	2.5	0.169121
1.5	2	3	0.168927
1.5	2	3.5	0.168776
1.5	2	4	0.168657
1.5	2	4.5	0.16856
1.5	2	5	0.16848
1.5	2	5.5	0.168414
1.5	2	6	0.168357
1.5	2	6.5	0.168308
1.5	2	7	0.168266
1.5	2	7.5	0.168229
1.5	2	8	0.168196
1.5	2	8.5	0.168167
1.5	2	9	0.16814
1.5	2	9.5	0.168117
1.5	2	10	0.168096
1.5	2.5	0.5	0.208877
1.5	2.5	1	0.212519
1.5	2.5	1.5	0.212416
1.5	2.5	2	0.21205
1.5	2.5	2.5	0.211723
1.5	2.5	3	0.211459
1.5	2.5	3.5	0.211248
1.5	2.5	4	0.211077
1.5	2.5	4.5	0.210937
1.5	2.5	5	0.210821
1.5	2.5	5.5	0.210722
1.5	2.5	6	0.210638
1.5	2.5	6.5	0.210565
1.5	2.5	7	0.210502
1.5	2.5	7.5	0.210446
1.5	2.5	8	0.210397
1.5	2.5	8.5	0.210353
1.5	2.5	9	0.210313
1.5	2.5	9.5	0.210277
1.5	2.5	10	0.210245
1.5	3	0.5	0.247615
1.5	3	1	0.254656
1.5	3	1.5	0.255066
1.5	3	2	0.254755
1.5	3	2.5	0.254389
1.5	3	3	0.254067
1.5	3	3.5	0.253799
1.5	3	4	0.253576
1.5	3	4.5	0.25339
1.5	3	5	0.253233
1.5	3	5.5	0.2531
1.5	3	6	0.252985
1.5	3	6.5	0.252885
1.5	3	7	0.252798
1.5	3	7.5	0.252721
1.5	3	8	0.252652
1.5	3	8.5	0.252591
1.5	3	9	0.252535
1.5	3	9.5	0.252485
1.5	3	10	0.25244
1.5	3.5	0.5	0.284902
1.5	3.5	1	0.296333
1.5	3.5	1.5	0.297587
1.5	3.5	2	0.297449
1.5	3.5	2.5	0.29709
1.5	3.5	3	0.29673
1.5	3.5	3.5	0.296412
1.5	3.5	4	0.29614
1.5	3.5	4.5	0.295908
1.5	3.5	5	0.29571
1.5	3.5	5.5	0.29554
1.5	3.5	6	0.295392
1.5	3.5	6.5	0.295263
1.5	3.5	7	0.295149
1.5	3.5	7.5	0.295048
1.5	3.5	8	0.294958
1.5	3.5	8.5	0.294878
1.5	3.5	9	0.294805
1.5	3.5	9.5	0.294739
1.5	3.5	10	0.294679
1.5	4	0.5	0.32079
1.5	4	1	0.337453
1.5	4	1.5	0.339913
1.5	4	2	0.340088
1.5	4	2.5	0.339796
1.5	4	3	0.339425
1.5	4	3.5	0.339071
1.5	4	4	0.338756
1.5	4	4.5	0.338481
1.5	4	5	0.338243
1.5	4	5.5	0.338035
1.5	4	6	0.337853
1.5	4	6.5	0.337694
1.5	4	7	0.337552
1.5	4	7.5	0.337426
1.5	4	8	0.337313
1.5	4	8.5	0.337212
1.5	4	9	0.33712
1.5	4	9.5	0.337037
1.5	4	10	0.336961
1.5	4.5	0.5	0.355377
1.5	4.5	1	0.377944
1.5	4.5	1.5	0.381984
1.5	4.5	2	0.38263
1.5	4.5	2.5	0.382478
1.5	4.5	3	0.382133
1.5	4.5	3.5	0.381762
1.5	4.5	4	0.381413
1.5	4.5	4.5	0.381101
1.5	4.5	5	0.380824
1.5	4.5	5.5	0.38058
1.5	4.5	6	0.380364
1.5	4.5	6.5	0.380173
1.5	4.5	7	0.380002
1.5	4.5	7.5	0.37985
1.5	4.5	8	0.379713
1.5	4.5	8.5	0.37959
1.5	4.5	9	0.379477
1.5	4.5	9.5	0.379375
1.5	4.5	10	0.379282
1.5	5	0.5	0.388787
1.5	5	1	0.417755
1.5	5	1.5	0.423747
1.5	5	2	0.425037
1.5	5	2.5	0.42511
1.5	5	3	0.424833
1.5	5	3.5	0.424468
1.5	5	4	0.424099
1.5	5	4.5	0.423756
1.5	5	5	0.423445
1.5	5	5.5	0.423167
1.5	5	6	0.422918
1.5	5	6.5	0.422695
1.5	5	7	0.422496
1.5	5	7.5	0.422317
1.5	5	8	0.422155
1.5	5	8.5	0.422008
1.5	5	9	0.421875
1.5	5	9.5	0.421753
1.5	5	10	0.421642
1.5	5.5	0.5	0.421149
1.5	5.5	1	0.456855
1.5	5.5	1.5	0.465158
1.5	5.5	2	0.467275
1.5	5.5	2.5	0.467664
1.5	5.5	3	0.467505
1.5	5.5	3.5	0.467174
1.5	5.5	4	0.466802
1.5	5.5	4.5	0.466438
1.5	5.5	5	0.466099
1.5	5.5	5.5	0.46579
1.5	5.5	6	0.46551
1.5	5.5	6.5	0.465257
1.5	5.5	7	0.465029
1.5	5.5	7.5	0.464823
1.5	5.5	8	0.464636
1.5	5.5	8.5	0.464465
1.5	5.5	9	0.46431
1.5	5.5	9.5	0.464168
1.5	5.5	10	0.464037
1.5	6	0.5	0.45259
1.5	6	1	0.495229
1.5	6	1.5	0.506179
1.5	6	2	0.509311
1.5	6	2.5	0.510116
1.5	6	3	0.510131
1.5	6	3.5	0.509867
1.5	6	4	0.509511
1.5	6	4.5	0.509138
1.5	6	5	0.508778
1.5	6	5.5	0.508442
1.5	6	6	0.508134
1.5	6	6.5	0.507853
1.5	6	7	0.507597
1.5	6	7.5	0.507364
1.5	6	8	0.507152
1.5	6	8.5	0.506958
1.5	6	9	0.50678
1.5	6	9.5	0.506617
1.5	6	10	0.506467
1.5	6.5	0.5	0.483229
1.5	6.5	1	0.532876
1.5	6.5	1.5	0.546781
1.5	6.5	2	0.551117
1.5	6.5	2.5	0.552444
1.5	6.5	3	0.552693
1.5	6.5	3.5	0.552531
1.5	6.5	4	0.552213
1.5	6.5	4.5	0.551845
1.5	6.5	5	0.551474
1.5	6.5	5.5	0.551118
1.5	6.5	6	0.550786
1.5	6.5	6.5	0.550479
1.5	6.5	7	0.550197
1.5	6.5	7.5	0.549938
1.5	6.5	8	0.549701
1.5	6.5	8.5	0.549483
1.5	6.5	9	0.549283
1.5	6.5	9.5	0.549099
1.5	6.5	10	0.548928
1.5	7	0.5	0.513173
1.5	7	1	0.569804
1.5	7	1.5	0.586938
1.5	7	2	0.592665
1.5	7	2.5	0.594625
1.5	7	3	0.595174
1.5	7	3.5	0.595153
1.5	7	4	0.594898
1.5	7	4.5	0.594552
1.5	7	5	0.59418
1.5	7	5.5	0.593811
1.5	7	6	0.593459
1.5	7	6.5	0.593129
1.5	7	7	0.592823
1.5	7	7.5	0.59254
1.5	7	8	0.592279
1.5	7	8.5	0.592038
1.5	7	9	0.591816
1.5	7	9.5	0.59161
1.5	7	10	0.59142
1.5	7.5	0.5	0.542519
1.5	7.5	1	0.606031
1.5	7.5	1.5	0.626632
1.5	7.5	2	0.633935
1.5	7.5	2.5	0.636639
1.5	7.5	3	0.637556
1.5	7.5	3.5	0.637721
1.5	7.5	4	0.637556
1.5	7.5	4.5	0.637249
1.5	7.5	5	0.636888
1.5	7.5	5.5	0.636515
1.5	7.5	6	0.636149
1.5	7.5	6.5	0.635801
1.5	7.5	7	0.635473
1.5	7.5	7.5	0.635168
1.5	7.5	8	0.634884
1.5	7.5	8.5	0.634621
1.5	7.5	9	0.634377
1.5	7.5	9.5	0.63415
1.5	7.5	10	0.63394
1.5	8	0.5	0.571351
1.5	8	1	0.64158
1.5	8	1.5	0.665853
1.5	8	2	0.674906
1.5	8	2.5	0.678469
1.5	8	3	0.679825
1.5	8	3.5	0.68022
1.5	8	4	0.680175
1.5	8	4.5	0.679928
1.5	8	5	0.679592
1.5	8	5.5	0.679223
1.5	8	6	0.67885
1.5	8	6.5	0.678488
1.5	8	7	0.678142
1.5	8	7.5	0.677817
1.5	8	8	0.677512
1.5	8	8.5	0.677228
1.5	8	9	0.676963
1.5	8	9.5	0.676716
1.5	8	10	0.676486
1.5	8.5	0.5	0.599744
1.5	8.5	1	0.676477
1.5	8.5	1.5	0.704591
1.5	8.5	2	0.715562
1.5	8.5	2.5	0.720098
1.5	8.5	3	0.721967
1.5	8.5	3.5	0.722639
1.5	8.5	4	0.722746
1.5	8.5	4.5	0.72258
1.5	8.5	5	0.722284
1.5	8.5	5.5	0.72193
1.5	8.5	6	0.721558
1.5	8.5	6.5	0.721186
1.5	8.5	7	0.720827
1.5	8.5	7.5	0.720484
1.5	8.5	8	0.720161
1.5	8.5	8.5	0.719857
1.5	8.5	9	0.719572
1.5	8.5	9.5	0.719305
1.5	8.5	10	0.719055
1.5	9	0.5	nan
1.5	9	1	0.710754
1.5	9	1.5	0.742844
1.5	9	2	0.755888
1.5	9	2.5	0.76151
1.5	9	3	0.763967
1.5	9	3.5	0.764967
1.5	9	4	0.76526
1.5	9	4.5	0.765197
1.5	9	5	0.764956
1.5	9	5.5	0.76463
1.5	9	6	0.764266
1.5	9	6.5	0.763892
1.5	9	7	0.763523
1.5	9	7.5	0.763167
1.5	9	8	0.762827
1.5	9	8.5	0.762505
1.5	9	9	0.762201
1.5	9	9.5	0.761916
1.5	9	10	0.761648
1.5	9.5	0.5	nan
1.5	9.5	1	0.744442
1.5	9.5	1.5	0.780611
1.5	9.5	2	0.795874
1.5	9.5	2.5	0.802692
1.5	9.5	3	0.805813
1.5	9.5	3.5	0.807193
1.5	9.5	4	0.807705
1.5	9.5	4.5	0.807771
1.5	9.5	5	0.807604
1.5	9.5	5.5	0.807316
1.5	9.5	6	0.80697
1.5	9.5	6.5	0.806601
1.5	9.5	7	0.806227
1.5	9.5	7.5	0.805861
1.5	9.5	8	0.805507
1.5	9.5	8.5	0.805169
1.5	9.5	9	0.804849
1.5	9.5	9.5	0.804546
1.5	9.5	10	0.80426
1.5	10	0.5	nan
1.5	10	1	0.777574
1.5	10	1.5	0.817896
1.5	10	2	0.83551
1.5	10	2.5	0.843632
1.5	10	3	0.847494
1.5	10	3.5	0.849305
1.5	10	4	0.850075
1.5	10	4.5	0.850295
1.5	10	5	0.850219
1.5	10	5.5	0.849984
1.5	10	6	0.849666
1.5	10	6.5	0.849308
1.5	10	7	0.848935
1.5	10	7.5	0.848563
1.5	10	8	0.848199
1.5	10	8.5	0.847848
1.5	10	9	0.847512
1.5	10	9.5	0.847193
1.5	10	10	0.84689
1.6	0.5	0.5	0.0423445
1.6	0.5	1	0.0421642
1.6	0.5	1.5	0.0420892
1.6	0.5	2	0.042049
1.6	0.5	2.5	0.0420239
1.6	0.5	3	0.0420068
1.6	0.5	3.5	0.0419945
1.6	0.5	4	0.0419851
1.6	0.5	4.5	0.0419777
1.6	0.5	5	0.0419718
1.6	0.5	5.5	0.041967
1.6	0.5	6	0.0419629
1.6	0.5	6.5	0.0419594
1.6	0.5	7	0.0419564
1.6	0.5	7.5	0.0419539
1.6	0.5	8	0.0419516
1.6	0.5	8.5	0.0419496
1.6	0.5	9	0.0419478
1.6	0.5	9.5	0.0419462
1.6	0.5	10	0.0419448
1.6	1	0.5	0.0850219
1.6	1	1	0.084689
1.6	1	1.5	0.0844633
1.6	1	2	0.0843283
1.6	1	2.5	0.0842402
1.6	1	3	0.0841784
1.6	1	3.5	0.0841329
1.6	1	4	0.0840979
1.6	1	4.5	0.0840702
1.6	1	5	0.0840478
1.6	1	5.5	0.0840293
1.6	1	6	0.0840137
1.6	1	6.5	0.0840004
1.6	1	7	0.0839889
1.6	1	7.5	0.083979
1.6	1	8	0.0839702
1.6	1	8.5	0.0839624
1.6	1	9	0.0839555
1.6	1	9.5	0.0839493
1.6	1	10	0.0839436
1.6	1.5	0.5	0.127328
1.6	1.5	1	0.127378
1.6	1.5	1.5	0.127034
1.6	1.5	2	0.126788
1.6	1.5	2.5	0.126617
1.6	1.5	3	0.126492
1.6	1.5	3.5	0.126399
1.6	1.5	4	0.126326
1.6	1.5	4.5	0.126268
1.6	1.5	5	0.12622
1.6	1.5	5.5	0.12618
1.6	1.5	6	0.126147
1.6	1.5	6.5	0.126118
1.6	1.5	7	0.126093
1.6	1.5	7.5	0.126072
1.6	1.5	8	0.126053
1.6	1.5	8.5	0.126036
1.6	1.5	9	0.126021
1.6	1.5	9.5	0.126007
1.6	1.5	10	0.125995
1.6	2	0.5	0.168726
1.6	2	1	0.170044
1.6	2	1.5	0.169713
1.6	2	2	0.169378
1.6	2	2.5	0.169121
1.6	2	3	0.168927
1.6	2	3.5	0.168776
1.6	2	4	0.168657
1.6	2	4.5	0.16856
1.6	2	5	0.16848
1.6	2	5.5	0.168414
1.6	2	6	0.168357
1.6	2	6.5	0.168308
1.6	2	7	0.168266
1.6	2	7.5	0.168229
1.6	2	8	0.168196
1.6	2	8.5	0.168167
1.6	2	9	0.16814
1.6	2	9.5	0.168117
1.6	2	10	0.168096
1.6	2.5	0.5	0.208877
1.6	2.5	1	0.212519
1.6	2.5	1.5	0.212416
1.6	2.5	2	0.21205
1.6	2.5	2.5	0.211723
1.6	2.5	3	0.211459
1.6	2.5	3.5	0.211248
1.6	2.5	4	0.211077
1.6	2.5	4.5	0.210937
1.6	2.5	5	0.210821
1.6	2.5	5.5	0.210722
1.6	2.5	6	0.210638
1.6	2.5	6.5	0.210565
1.6	2.5	7	0.210502
1.6	2.5	7.5	0.210446
1.6	2.5	8	0.210397
1.6	2.5	8.5	0.210353
1.6	2.5	9	0.210313
1.6	2.5	9.5	0.210277
1.6	2.5	10	0.210245
1.6	3	0.5	0.247615
1.6	3	1	0.254656
1.6	3	1.5	0.255066
1.6	3	2	0.254755
1.6	3	2.5	0.254389
1.6	3	3	0.254067
1.6	3	3.5	0.253799
1.6	3	4	0.253576
1.6	3	4.5	0.25339
1.6	3	5	0.253233
1.6	3	5.5	0.2531
1.6	3	6	0.252985
1.6	3	6.5	0.252885
1.6	3	7	0.252798
1.6	3	7.5	0.252721
1.6	3	8	0.252652
1.6	3	8.5	0.252591
1.6	3	9	0.252535
1.6	3	9.5	0.252485
1.6	3	10	0.25244
1.6	3.5	0.5	0.284902
1.6	3.5	1	0.296333
1.6	3.5	1.5	0.297587
1.6	3.5	2	0.297449
1.6	3.5	2.5	0.29709
1.6	3.5	3	0.29673
1.6	3.5	3.5	0.296412
1.6	3.5	4	0.29614
1.6	3.5	4.5	0.295908
1.6	3.5	5	0.29571
1.6	3.5	5.5	0.29554
1.6	3.5	6	0.295392
1.6	3.5	6.5	0.295263
1.6	3.5	7	0.295149
1.6	3.5	7.5	0.295048
1.6	3.5	8	0.294958
1.6	3.5	8.5	0.294878
1.6	3.5	9	0.294805
1.6	3.5	9.5	0.294739
1.6	3.5	10	0.294679
1.6	4	0.5	0.32079
1.6	4	1	0.337453
1.6	4	1.5	0.339913
1.6	4	2	0.340088
1.6	4	2.5	0.339796
1.6	4	3	0.339425
1.6	4	3.5	0.339071
1.6	4	4	0.338756
1.6	4	4.5	0.338481
1.6	4	5	0.338243
1.6	4	5.5	0.338035
1.6	4	6	0.337853
1.6	4	6.5	0.337694
1.6	4	7	0.337552
1.6	4	7.5	0.337426
1.6	4	8	0.337313
1.6	4	8.5	0.337212
1.6	4	9	0.33712
1.6	4	9.5	0.337037
1.6	4	10	0.336961
1.6	4.5	0.5	0.355377
1.6	4.5	1	0.377944
1.6	4.5	1.5	0.381984
1.6	4.5	2	0.38263
1.6	4.5	2.5	0.382478
1.6	4.5	3	0.382133
1.6	4.5	3.5	0.381762
1.6	4.5	4	0.381413
1.6	4.5	4.5	0.381101
1.6	4.5	5	0.380824
1.6	4.5	5.5	0.38058
1.6	4.5	6	0.380364
1.6	4.5	6.5	0.380173
1.6	4.5	7	0.380002
1.6	4.5	7.5	0.37985
1.6	4.5	8	0.379713
1.6	4.5	8.5	0.37959
1.6	4.5	9	0.379477
1.6	4.5	9.5	0.379375
1.6	4.5	10	0.379282
1.6	5	0.5	0.388787
1.6	5	1	0.417755
1.6	5	1.5	0.423747
1.6	5	2	0.425037
1.6	5	2.5	0.42511
1.6	5	3	0.424833
1.6	5	3.5	0.424468
1.6	5	4	0.424099
1.6	5	4.5	0.423756
1.6	5	5	0.423445
1.6	5	5.5	0.423167
1.6	5	6	0.422918
1.6	5	6.5	0.422695
1.6	5	7	0.422496
1.6	5	7.5	0.422317
1.6	5	8	0.422155
1.6	5	8.5	0.422008
1.6	5	9	0.421875
1.6	5	9.5	0.421753
1.6	5	10	0.421642
1.6	5.5	0.5	0.421149
1.6	5.5	1	0.456855
1.6	5.5	1.5	0.465158
1.6	5.5	2	0.467275
1.6	5.5	2.5	0.467664
1.6	5.5	3	0.467505
1.6	5.5	3.5	0.467174
1.6	5.5	4	0.466802
1.6	5.5	4.5	0.466438
1.6	5.5	5	0.466099
1.6	5.5	5.5	0.46579
1.6	5.5	6	0.46551
1.6	5.5	6.5	0.465257
1.6	5.5	7	0.465029
1.6	5.5	7.5	0.464823
1.6	5.5	8	0.464636
1.6	5.5	8.5	0.464465
1.6	5.5	9	0.46431
1.6	5.5	9.5	0.464168
1.6	5.5	10	0.464037
1.6	6	0.5	0.45259
1.6	6	1	0.495229
1.6	6	1.5	0.506179
1.6	6	2	0.509311
1.6	6	2.5	0.510116
1.6	6	3	0.510131
1.6	6	3.5	0.509867
1.6	6	4	0.509511
1.6	6	4.5	0.509138
1.6	6	5	0.508778
1.6	6	5.5	0.508442
1.6	6	6	0.508134
1.6	6	6.5	0.507853
1.6	6	7	0.507597
1.6	6	7.5	0.507364
1.6	6	8	0.507152
1.6	6	8.5	0.506958
1.6	6	9	0.50678
1.6	6	9.5	0.506617
1.6	6	10	0.506467
1.6	6.5	0.5	nan
1.6	6.5	1	0.532876
1.6	6.5	1.5	0.546781
1.6	6.5	2	0.551117
1.6	6.5	2.5	0.552444
1.6	6.5	3	0.552693
1.6	6.5	3.5	0.552531
1.6	6.5	4	0.552213
1.6	6.5	4.5	0.551845
1.6	6.5	5	0.551474
1.6	6.5	5.5	0.551118
1.6	6.5	6	0.550786
1.6	6.5	6.5	0.550479
1.6	6.5	7	0.550197
1.6	6.5	7.5	0.549938
1.6	6.5	8	0.549701
1.6	6.5	8.5	0.549483
1.6	6.5	9	0.549283
1.6	6.5	9.5	0.549099
1.6	6.5	10	0.548928
1.6	7	0.5	nan
1.6	7	1	0.569804
1.6	7	1.5	0.586938
1.6	7	2	0.592665
1.6	7	2.5	0.594625
1.6	7	3	0.595174
1.6	7	3.5	0.595153
1.6	7	4	0.594898
1.6	7	4.5	0.594552
1.6	7	5	0.59418
1.6	7	5.5	0.593811
1.6	7	6	0.593459
1.6	7	6.5	0.593129
1.6	7	7	0.592823
1.6	7	7.5	0.59254
1.6	7	8	0.592279
1.6	7	8.5	0.592038
1.6	7	9	0.591816
1.6	7	9.5	0.59161
1.6	7	10	0.59142
1.6	7.5	0.5	nan
1.6	7.5	1	0.606031
1.6	7.5	1.5	0.626632
1.6	7.5	2	0.633935
1.6	7.5	2.5	0.636639
1.6	7.5	3	0.637556
1.6	7.5	3.5	0.637721
1.6	7.5	4	0.637556
1.6	7.5	4.5	0.637249
1.6	7.5	5	0.636888
1.6	7.5	5.5	0.636515
1.6	7.5	6	0.636149
1.6	7.5	6.5	0.635801
1.6	7.5	7	0.635473
1.6	7.5	7.5	0.635168
1.6	7.5	8	0.634884
1.6	7.5	8.5	0.634621
1.6	7.5	9	0.634377
1.6	7.5	9.5	0.63415
1.6	7.5	10	0.63394
1.6	8	0.5	nan
1.6	8	1	0.64158
1.6	8	1.5	0.665853
1.6	8	2	0.674906
1.6	8	2.5	0.678469
1.6	8	3	0.679825
1.6	8	3.5	0.68022
1.6	8	4	0.680175
1.6	8	4.5	0.679928
1.6	8	5	0.679592
1.6	8	5.5	0.679223
1.6	8	6	0.67885
1.6	8	6.5	0.678488
1.6	8	7	0.678142
1.6	8	7.5	0.677817
1.6	8	8	0.677512
1.6	8	8.5	0.677228
1.6	8	9	0.676963
1.6	8	9.5	0.676716
1.6	8	10	0.676486
1.6	8.5	0.5	nan
1.6	8.5	1	0.676477
1.6	8.5	1.5	0.704591
1.6	8.5	2	0.715562
1.6	8.5	2.5	0.720098
1.6	8.5	3	0.721967
1.6	8.5	3.5	0.722639
1.6	8.5	4	0.722746
1.6	8.5	4.5	0.72258
1.6	8.5	5	0.722284
1.6	8.5	5.5	0.72193
1.6	8.5	6	0.721558
1.6	8.5	6.5	0.721186
1.6	8.5	7	0.720827
1.6	8.5	7.5	0.720484
1.6	8.5	8	0.720161
1.6	8.5	8.5	0.719857
1.6	8.5	9	0.719572
1.6	8.5	9.5	0.719305
1.6	8.5	10	0.719055
1.6	9	0.5	nan
1.6	9	1	0.710754
1.6	9	1.5	0.742844
1.6	9	2	0.755888
1.6	9	2.5	0.76151
1.6	9	3	0.763967
1.6	9	3.5	0.764967
1.6	9	4	0.76526
1.6	9	4.5	0.765197
1.6	9	5	0.764956
1.6	9	5.5	0.76463
1.6	9	6	0.764266
1.6	9	6.5	0.763892
1.6	9	7	0.763523
1.6	9	7.5	0.763167
1.6	9	8	0.762827
1.6	9	8.5	0.762505
1.6	9	9	0.762201
1.6	9	9.5	0.761916
1.6	9	10	0.761648
1.6	9.5	0.5	nan
1.6	9.5	1	0.744442
1.6	9.5	1.5	0.780611
1.6	9.5	2	0.795874
1.6	9.5	2.5	0.802692
1.6	9.5	3	0.805813
1.6	9.5	3.5	0.807193
1.6	9.5	4	0.807705
1.6	9.5	4.5	0.807771
1.6	9.5	5	0.807604
1.6	9.5	5.5	0.807316
1.6	9.5	6	0.80697
1.6	9.5	6.5	0.806601
1.6	9.5	7	0.806227
1.6	9.5	7.5	0.805861
1.6	9.5	8	0.805507
1.6	9.5	8.5	0.805169
1.6	9.5	9	0.804849
1.6	9.5	9.5	0.804546
1.6	9.5	10	0.80426
1.6	10	0.5	nan
1.6	10	1	0.777574
1.6	10	1.5	0.817896
1.6	10	2	0.83551
1.6	10	2.5	0.843632
1.6	10	3	0.847494
1.6	10	3.5	0.849305
1.6	10	4	0.850075
1.6	10	4.5	0.850295
1.6	10	5	0.850219
1.6	10	5.5	0.849984
1.6	10	6	0.849666
1.6	10	6.5	0.849308
1.6	10	7	0.848935
1.6	10	7.5	0.848563
1.6	10	8	0.848199
1.6	10	8.5	0.847848
1.6	10	9	0.847512
1.6	10	9.5	0.847193
1.6	10	10	0.84689
1.7	0.5	0.5	0.0423445
1.7	0.5	1	0.0421642
1.7	0.5	1.5	0.0420892
1.7	0.5	2	0.042049
1.7	0.5	2.5	0.0420239
1.7	0.5	3	0.0420068
1.7	0.5	3.5	0.0419945
1.7	0.5	4	0.0419851
1.7	0.5	4.5	0.0419777
1.7	0.5	5	0.0419718
1.7	0.5	5.5	0.041967
1.7	0.5	6	0.0419629
1.7	0.5	6.5	0.0419594
1.7	0.5	7	0.0419564
1.7	0.5	7.5	0.0419539
1.7	0.5	8	0.0419516
1.7	0.5	8.5	0.0419496
1.7	0.5	9	0.0419478
1.7	0.5	9.5	0.0419462
1.7	0.5	10	0.0419448
1.7	1	0.5	0.0850219
1.7	1	1	0.084689
1.7	1	1.5	0.0844633
1.7	1	2	0.0843283
1.7	1	2.5	0.0842402
1.7	1	3	0.0841784
1.7	1	3.5	0.0841329
1.7	1	4	0.0840979
1.7	1	4.5	0.0840702
1.7	1	5	0.0840478
1.7	1	5.5	0.0840293
1.7	1	6	0.0840137
1.7	1	6.5	0.0840004
1.7	1	7	0.0839889
1.7	1	7.5	0.083979
1.7	1	8	0.0839702
1.7	1	8.5	0.0839624
1.7	1	9	0.0839555
1.7	1	9.5	0.0839493
1.7	1	10	0.0839436
1.7	1.5	0.5	0.127328
1.7	1.5	1	0.127378
1.7	1.5	1.5	0.127034
1.7	1.5	2	0.126788
1.7	1.5	2.5	0.126617
1.7	1.5	3	0.126492
1.7	1.5	3.5	0.126399
1.7	1.5	4	0.126326
1.7	1.5	4.5	0.126268
1.7	1.5	5	0.12622
1.7	1.5	5.5	0.12618
1.7	1.5	6	0.126147
1.7	1.5	6.5	0.126118
1.7	1.5	7	0.126093
1.7	1.5	7.5	0.126072
1.7	1.5	8	0.126053
1.7	1.5	8.5	0.126036
1.7	1.5	9	0.126021
1.7	1.5	9.5	0.126007
1.7	1.5	10	0.125995
1.7	2	0.5	0.168726
1.7	2	1	0.170044
1.7	2	1.5	0.169713
1.7	2	2	0.169378
1.7	2	2.5	0.169121
1.7	2	3	0.168927
1.7	2	3.5	0.168776
1.7	2	4	0.168657
1.7	2	4.5	0.16856
1.7	2	5	0.16848
1.7	2	5.5	0.168414
1.7	2	6	0.168357
1.7	2	6.5	0.168308
1.7	2	7	0.168266
1.7	2	7.5	0.168229
1.7	2	8	0.168196
1.7	2	8.5	0.168167
1.7	2	9	0.16814
1.7	2	9.5	0.168117
1.7	2	10	0.168096
1.7	2.5	0.5	0.208877
1.7	2.5	1	0.212519
1.7	2.5	1.5	0.212416
1.7	2.5	2	0.21205
1.7	2.5	2.5	0.211723
1.7	2.5	3	0.211459
1.7	2.5	3.5	0.211248
1.7	2.5	4	0.211077
1.7	2.5	4.5	0.210937
1.7	2.5	5	0.210821
1.7	2.5	5.5	0.210722
1.7	2.5	6	0.210638
1.7	2.5	6.5	0.210565
1.7	2.5	7	0.210502
1.7	2.5	7.5	0.210446
1.7	2.5	8	0.210397
1.7	2.5	8.5	0.210353
1.7	2.5	9	0.210313
1.7	2.5	9.5	0.210277
1.7	2.5	10	0.210245
1.7	3	0.5	0.247615
1.7	3	1	0.254656
1.7	3	1.5	0.255066
1.7	3	2	0.254755
1.7	3	2.5	0.254389
1.7	3	3	0.254067
1.7	3	3.5	0.253799
1.7	3	4	0.253576
1.7	3	4.5	0.25339
1.7	3	5	0.253233
1.7	3	5.5	0.2531
1.7	3	6	0.252985
1.7	3	6.5	0.252885
1.7	3	7	0.252798
1.7	3	7.5	0.252721
1.7	3	8	0.252652
1.7	3	8.5	0.252591
1.7	3	9	0.252535
1.7	3	9.5	0.252485
1.7	3	10	0.25244
1.7	3.5	0.5	0.284902
1.7	3.5	1	0.296333
1.7	3.5	1.5	0.297587
1.7	3.5	2	0.297449
1.7	3.5	2.5	0.29709
1.7	3.5	3	0.29673
1.7	3.5	3.5	0.296412
1.7	3.5	4	0.29614
1.7	3.5	4.5	0.295908
1.7	3.5	5	0.29571
1.7	3.5	5.5	0.29554
1.7	3.5	6	0.295392
1.7	3.5	6.5	0.295263
1.7	3.5	7	0.295149
1.7	3.5	7.5	0.295048
1.7	3.5	8	0.294958
1.7	3.5	8.5	0.294878
1.7	3.5	9	0.294805
1.7	3.5	9.5	0.294739
1.7	3.5	10	0.294679
1.7	4	0.5	0.32079
1.7	4	1	0.337453
1.7	4	1.5	0.339913
1.7	4	2	0.340088
1.7	4	2.5	0.339796
1.7	4	3	0.339425
1.7	4	3.5	0.339071
1.7	4	4	0.338756
1.7	4	4.5	0.338481
1.7	4	5	0.338243
1.7	4	5.5	0.338035
1.7	4	6	0.337853
1.7	4	6.5	0.337694
1.7	4	7	0.337552
1.7	4	7.5	0.337426
1.7	4	8	0.337313
1.7	4	8.5	0.337212
1.7	4	9	0.33712
1.7	4	9.5	0.337037
1.7	4	10	0.336961
1.7	4.5	0.5	nan
1.7	4.5	1	0.377944
1.7	4.5	1.5	0.381984
1.7	4.5	2	0.38263
1.7	4.5	2.5	0.382478
1.7	4.5	3	0.382133
1.7	4.5	3.5	0.381762
1.7	4.5	4	0.381413
1.7	4.5	4.5	0.381101
1.7	4.5	5	0.380824
1.7	4.5	5.5	0.38058
1.7	4.5	6	0.380364
1.7	4.5	6.5	0.380173
1.7	4.5	7	0.380002
1.7	4.5	7.5	0.37985
1.7	4.5	8	0.379713
1.7	4.5	8.5	0.37959
1.7	4.5	9	0.379477
1.7	4.5	9.5	0.379375
1.7	4.5	10	0.379282
1.7	5	0.5	nan
1.7	5	1	0.417755
1.7	5	1.5	0.423747
1.7	5	2	0.425037
1.7	5	2.5	0.42511
1.7	5	3	0.424833
1.7	5	3.5	0.424468
1.7	5	4	0.424099
1.7	5	4.5	0.423756
1.7	5	5	0.423445
1.7	5	5.5	0.423167
1.7	5	6	0.422918
1.7	5	6.5	0.422695
1.7	5	7	0.422496
1.7	5	7.5	0.422317
1.7	5	8	0.422155
1.7	5	8.5	0.422008
1.7	5	9	0.421875
1.7	5	9.5	0.421753
1.7	5	10	0.421642
1.7	5.5	0.5	nan
1.7	5.5	1	0.456855
1.7	5.5	1.5	0.465158
1.7	5.5	2	0.467275
1.7	5.5	2.5	0.467664
1.7	5.5	3	0.467505
1.7	5.5	3.5	0.467174
1.7	5.5	4	0.466802
1.7	5.5	4.5	0.466438
1.7	5.5	5	0.466099
1.7	5.5	5.5	0.46579
1.7	5.5	6	0.46551
1.7	5.5	6.5	0.465257
1.7	5.5	7	0.465029
1.7	5.5	7.5	0.464823
1.7	5.5	8	0.464636
1.7	5.5	8.5	0.464465
1.7	5.5	9	0.46431
1.7	5.5	9.5	0.464168
1.7	5.5	10	0.464037
1.7	6	0.5	nan
1.7	6	1	0.495229
1.7	6	1.5	0.506179
1.7	6	2	0.509311
1.7	6	2.5	0.510116
1.7	6	3	0.510131
1.7	6	3.5	0.509867
1.7	6	4	0.509511
1.7	6	4.5	0.509138
1.7	6	5	0.508778
1.7	6	5.5	0.508442
1.7	6	6	0.508134
1.7	6	6.5	0.507853
1.7	6	7	0.507597
1.7	6	7.5	0.507364
1.7	6	8	0.507152
1.7	6	8.5	0.506958
1.7	6	9	0.50678
1.7	6	9.5	0.506617
1.7	6	10	0.506467
1.7	6.5	0.5	nan
1.7	6.5	1	0.532876
1.7	6.5	1.5	0.546781
1.7	6.5	2	0.551117
1.7	6.5	2.5	0.552444
1.7	6.5	3	0.552693
1.7	6.5	3.5	0.552531
1.7	6.5	4	0.552213
1.7	6.5	4.5	0.551845
1.7	6.5	5	0.551474
1.7	6.5	5.5	0.551118
1.7	6.5	6	0.550786
1.7	6.5	6.5	0.550479
1.7	6.5	7	0.550197
1.7	6.5	7.5	0.549938
1.7	6.5	8	0.549701
1.7	6.5	8.5	0.549483
1.7	6.5	9	0.549283
1.7	6.5	9.5	0.549099
1.7	6.5	10	0.548928
1.7	7	0.5	nan
1.7	7	1	0.569804
1.7	7	1.5	0.586938
1.7	7	2	0.592665
1.7	7	2.5	0.594625
1.7	7	3	0.595174
1.7	7	3.5	0.595153
1.7	7	4	0.594898
1.7	7	4.5	0.594552
1.7	7	5	0.59418
1.7	7	5.5	0.593811
1.7	7	6	0.593459
1.7	7	6.5	0.593129
1.7	7	7	0.592823
1.7	7	7.5	0.59254
1.7	7	8	0.592279
1.7	7	8.5	0.592038
1.7	7	9	0.591816
1.7	7	9.5	0.59161
1.7	7	10	0.59142
1.7	7.5	0.5	nan
1.7	7.5	1	0.606031
1.7	7.5	1.5	0.626632
1.7	7.5	2	0.633935
1.7	7.5	2.5	0.636639
1.7	7.5	3	0.637556
1.7	7.5	3.5	0.637721
1.7	7.5	4	0.637556
1.7	7.5	4.5	0.637249
1.7	7.5	5	0.636888
1.7	7.5	5.5	0.636515
1.7	7.5	6	0.636149
1.7	7.5	6.5	0.635801
1.7	7.5	7	0.635473
1.7	7.5	7.5	0.635168
1.7	7.5	8	0.634884
1.7	7.5	8.5	0.634621
1.7	7.5	9	0.634377
1.7	7.5	9.5	0.63415
1.7	7.5	10	0.63394
1.7	8	0.5	nan
1.7	8	1	0.64158
1.7	8	1.5	0.665853
1.7	8	2	0.674906
1.7	8	2.5	0.678469
1.7	8	3	0.679825
1.7	8	3.5	0.68022
1.7	8	4	0.680175
1.7	8	4.5	0.679928
1.7	8	5	0.679592
1.7	8	5.5	0.679223
1.7	8	6	0.67885
1.7	8	6.5	0.678488
1.7	8	7	0.678142
1.7	8	7.5	0.677817
1.7	8	8	0.677512
1.7	8	8.5	0.677228
1.7	8	9	0.676963
1.7	8	9.5	0.676716
1.7	8	10	0.676486
1.7	8.5	0.5	nan
1.7	8.5	1	nan
1.7	8.5	1.5	0.704591
1.7	8.5	2	0.715562
1.7	8.5	2.5	0.720098
1.7	8.5	3	0.721967
1.7	8.5	3.5	0.722639
1.7	8.5	4	0.722746
1.7	8.5	4.5	0.72258
1.7	8.5	5	0.722284
1.7	8.5	5.5	0.72193
1.7	8.5	6	0.721558
1.7	8.5	6.5	0.721186
1.7	8.5	7	0.720827
1.7	8.5	7.5	0.720484
1.7	8.5	8	0.720161
1.7	8.5	8.5	0.719857
1.7	8.5	9	0.719572
1.7	8.5	9.5	0.719305
1.7	8.5	10	0.719055
1.7	9	0.5	nan
1.7	9	1	nan
1.7	9	1.5	0.742844
1.7	9	2	0.755888
1.7	9	2.5	0.76151
1.7	9	3	0.763967
1.7	9	3.5	0.764967
1.7	9	4	0.76526
1.7	9	4.5	0.765197
1.7	9	5	0.764956
1.7	9	5.5	0.76463
1.7	9	6	0.764266
1.7	9	6.5	0.763892
1.7	9	7	0.763523
1.7	9	7.5	0.763167
1.7	9	8	0.762827
1.7	9	8.5	0.762505
1.7	9	9	0.762201
1.7	9	9.5	0.761916
1.7	9	10	0.761648
1.7	9.5	0.5	nan
1.7	9.5	1	nan
1.7	9.5	1.5	0.780611
1.7	9.5	2	0.795874
1.7	9.5	2.5	0.802692
1.7	9.5	3	0.805813
1.7	9.5	3.5	0.807193
1.7	9.5	4	0.807705
1.7	9.5	4.5	0.807771
1.7	9.5	5	0.807604
1.7	9.5	5.5	0.807316
1.7	9.5	6	0.80697
1.7	9.5	6.5	0.806601
1.7	9.5	7	0.806227
1.7	9.5	7.5	0.805861
1.7	9.5	8	0.805507
1.7	9.5	8.5	0.805169
1.7	9.5	9	0.804849
1.7	9.5	9.5	0.804546
1.7	9.5	10	0.80426
1.7	10	0.5	nan
1.7	10	1	nan
1.7	10	1.5	0.817896
1.7	10	2	0.83551
1.7	10	2.5	0.843632
1.7	10	3	0.847494
1.7	10	3.5	0.849305
1.7	10	4	0.850075
1.7	10	4.5	0.850295
1.7	10	5	0.850219
1.7	10	5.5	0.849984
1.7	10	6	0.849666
1.7	10	6.5	0.849308
1.7	10	7	0.848935
1.7	10	7.5	0.848563
1.7	10	8	0.848199
1.7	10	8.5	0.847848
1.7	10	9	0.847512
1.7	10	9.5	0.847193
1.7	10	10	0.84689
1.8	0.5	0.5	0.0423445
1.8	0.5	1	0.0421642
1.8	0.5	1.5	0.0420892
1.8	0.5	2	0.042049
1.8	0.5	2.5	0.0420239
1.8	0.5	3	0.0420068
1.8	0.5	3.5	0.0419945
1.8	0.5	4	0.0419851
1.8	0.5	4.5	0.0419777
1.8	0.5	5	0.0419718
1.8	0.5	5.5	0.041967
1.8	0.5	6	0.0419629
1.8	0.5	6.5	0.0419594
1.8	0.5	7	0.0419564
1.8	0.5	7.5	0.0419539
1.8	0.5	8	0.0419516
1.8	0.5	8.5	0.0419496
1.8	0.5	9	0.0419478
1.8	0.5	9.5	0.0419462
1.8	0.5	10	0.0419448
1.8	1	0.5	0.0850219
1.8	1	1	0.084689
1.8	1	1.5	0.0844633
1.8	1	2	0.0843283
1.8	1	2.5	0.0842402
1.8	1	3	0.0841784
1.8	1	3.5	0.0841329
1.8	1	4	0.0840979
1.8	1	4.5	0.0840702
1.8	1	5	0.0840478
1.8	1	5.5	0.0840293
1.8	1	6	0.0840137
1.8	1	6.5	0.0840004
1.8	1	7	0.0839889
1.8	1	7.5	0.083979
1.8	1	8	0.0839702
1.8	1	8.5	0.0839624
1.8	1	9	0.0839555
1.8	1	9.5	0.0839493
1.8	1	10	0.0839436
1.8	1.5	0.5	0.127328
1.8	1.5	1	0.127378
1.8	1.5	1.5	0.127034
1.8	1.5	2	0.126788
1.8	1.5	2.5	0.126617
1.8	1.5	3	0.126492
1.8	1.5	3.5	0.126399
1.8	1.5	4	0.126326
1.8	1.5	4.5	0.126268
1.8	1.5	5	0.12622
1.8	1.5	5.5	0.12618
1.8	1.5	6	0.126147
1.8	1.5	6.5	0.126118
1.8	1.5	7	0.126093
1.8	1.5	7.5	0.126072
1.8	1.5	8	0.126053
1.8	1.5	8.5	0.126036
1.8	1.5	9	0.126021
1.8	1.5	9.5	0.126007
1.8	1.5	10	0.125995
1.8	2	0.5	0.168726
1.8	2	1	0.170044
1.8	2	1.5	0.169713
1.8	2	2	0.169378
1.8	2	2.5	0.169121
1.8	2	3	0.168927
1.8	2	3.5	0.168776
1.8	2	4	0.168657
1.8	2	4.5	0.16856
1.8	2	5	0.16848
1.8	2	5.5	0.168414
1.8	2	6	0.168357
1.8	2	6.5	0.168308
1.8	2	7	0.168266
1.8	2	7.5	0.168229
1.8	2	8	0.168196
1.8	2	8.5	0.168167
1.8	2	9	0.16814
1.8	2	9.5	0.168117
1.8	2	10	0.168096
1.8	2.5	0.5	nan
1.8	2.5	1	0.212519
1.8	2.5	1.5	0.212416
1.8	2.5	2	0.21205
1.8	2.5	2.5	0.211723
1.8	2.5	3	0.211459
1.8	2.5	3.5	0.211248
1.8	2.5	4	0.211077
1.8	2.5	4.5	0.210937
1.8	2.5	5	0.210821
1.8	2.5	5.5	0.210722
1.8	2.5	6	0.210638
1.8	2.5	6.5	0.210565
1.8	2.5	7	0.210502
1.8	2.5	7.5	0.210446
1.8	2.5	8	0.210397
1.8	2.5	8.5	0.210353
1.8	2.5	9	0.210313
1.8	2.5	9.5	0.210277
1.8	2.5	10	0.210245
1.8	3	0.5	nan
1.8	3	1	0.254656
1.8	3	1.5	0.255066
1.8	3	2	0.254755
1.8	3	2.5	0.254389
1.8	3	3	0.254067
1.8	3	3.5	0.253799
1.8	3	4	0.253576
1.8	3	4.5	0.25339
1.8	3	5	0.253233
1.8	3	5.5	0.2531
1.8	3	6	0.252985
1.8	3	6.5	0.252885
1.8	3	7	0.252798
1.8	3	7.5	0.252721
1.8	3	8	0.252652
1.8	3	8.5	0.252591
1.8	3	9	0.252535
1.8	3	9.5	0.252485
1.8	3	10	0.25244
1.8	3.5	0.5	nan
1.8	3.5	1	0.296333
1.8	3.5	1.5	0.297587
1.8	3.5	2	0.297449
1.8	3.5	2.5	0.29709
1.8	3.5	3	0.29673
1.8	3.5	3.5	0.296412
1.8	3.5	4	0.29614
1.8	3.5	4.5	0.295908
1.8	3.5	5	0.29571
1.8	3.5	5.5	0.29554
1.8	3.5	6	0.295392
1.8	3.5	6.5	0.295263
1.8	3.5	7	0.295149
1.8	3.5	7.5	0.295048
1.8	3.5	8	0.294958
1.8	3.5	8.5	0.294878
1.8	3.5	9	0.294805
1.8	3.5	9.5	0.294739
1.8	3.5	10	0.294679
1.8	4	0.5	nan
1.8	4	1	0.337453
1.8	4	1.5	0.339913
1.8	4	2	0.340088
1.8	4	2.5	0.339796
1.8	4	3	0.339425
1.8	4	3.5	0.339071
1.8	4	4	0.338756
1.8	4	4.5	0.338481
1.8	4	5	0.338243
1.8	4	5.5	0.338035
1.8	4	6	0.337853
1.8	4	6.5	0.337694
1.8	4	7	0.337552
1.8	4	7.5	0.337426
1.8	4	8	0.337313
1.8	4	8.5	0.337212
1.8	4	9	0.33712
1.8	4	9.5	0.337037
1.8	4	10	0.336961
1.8	4.5	0.5	nan
1.8	4.5	1	0.377944
1.8	4.5	1.5	0.381984
1.8	4.5	2	0.38263
1.8	4.5	2.5	0.382478
1.8	4.5	3	0.382133
1.8	4.5	3.5	0.381762
1.8	4.5	4	0.381413
1.8	4.5	4.5	0.381101
1.8	4.5	5	0.380824
1.8	4.5	5.5	0.38058
1.8	4.5	6	0.380364
1.8	4.5	6.5	0.380173
1.8	4.5	7	0.380002
1.8	4.5	7.5	0.37985
1.8	4.5	8	0.379713
1.8	4.5	8.5	0.37959
1.8	4.5	9	0.379477
1.8	4.5	9.5	0.379375
1.8	4.5	10	0.379282
1.8	5	0.5	nan
1.8	5	1	nan
1.8	5	1.5	0.423747
1.8	5	2	0.425037
1.8	5	2.5	0.42511
1.8	5	3	0.424833
1.8	5	3.5	0.424468
1.8	5	4	0.424099
1.8	5	4.5	0.423756
1.8	5	5	0.423445
1.8	5	5.5	0.423167
1.8	5	6	0.422918
1.8	5	6.5	0.422695
1.8	5	7	0.422496
1.8	5	7.5	0.422317
1.8	5	8	0.422155
1.8	5	8.5	0.422008
1.8	5	9	0.421875
1.8	5	9.5	0.421753
1.8	5	10	0.421642
1.8	5.5	0.5	nan
1.8	5.5	1	nan
1.8	5.5	1.5	0.465158
1.8	5.5	2	0.467275
1.8	5.5	2.5	0.467664
1.8	5.5	3	0.467505
1.8	5.5	3.5	0.467174
1.8	5.5	4	0.466802
1.8	5.5	4.5	0.466438
1.8	5.5	5	0.466099
1.8	5.5	5.5	0.46579
1.8	5.5	6	0.46551
1.8	5.5	6.5	0.465257
1.8	5.5	7	0.465029
1.8	5.5	7.5	0.464823
1.8	5.5	8	0.464636
1.8	5.5	8.5	0.464465
1.8	5.5	9	0.46431
1.8	5.5	9.5	0.464168
1.8	5.5	10	0.464037
1.8	6	0.5	nan
1.8	6	1	nan
1.8	6	1.5	0.506179
1.8	6	2	0.509311
1.8	6	2.5	0.510116
1.8	6	3	0.510131
1.8	6	3.5	0.509867
1.8	6	4	0.509511
1.8	6	4.5	0.509138
1.8	6	5	0.508778
1.8	6	5.5	0.508442
1.8	6	6	0.508134
1.8	6	6.5	0.507853
1.8	6	7	0.507597
1.8	6	7.5	0.507364
1.8	6	8	0.507152
1.8	6	8.5	0.506958
1.8	6	9	0.50678
1.8	6	9.5	0.506617
1.8	6	10	0.506467
1.8	6.5	0.5	nan
1.8	6.5	1	nan
1.8	6.5	1.5	0.546781
1.8	6.5	2	0.551117
1.8	6.5	2.5	0.552444
1.8	6.5	3	0.552693
1.8	6.5	3.5	0.552531
1.8	6.5	4	0.552213
1.8	6.5	4.5	0.551845
1.8	6.5	5	0.551474
1.8	6.5	5.5	0.551118
1.8	6.5	6	0.550786
1.8	6.5	6.5	0.550479
1.8	6.5	7	0.550197
1.8	6.5	7.5	0.549938
1.8	6.5	8	0.549701
1.8	6.5	8.5	0.549483
1.8	6.5	9	0.549283
1.8	6.5	9.5	0.549099
1.8	6.5	10	0.548928
1.8	7	0.5	nan
1.8	7	1	nan
1.8	7	1.5	0.586938
1.8	7	2	0.592665
1.8	7	2.5	0.594625
1.8	7	3	0.595174
1.8	7	3.5	0.595153
1.8	7	4	0.594898
1.8	7	4.5	0.594552
1.8	7	5	0.59418
1.8	7	5.5	0.593811
1.8	7	6	0.593459
1.8	7	6.5	0.593129
1.8	7	7	0.592823
1.8	7	7.5	0.59254
1.8	7	8	0.592279
1.8	7	8.5	0.592038
1.8	7	9	0.591816
1.8	7	9.5	0.59161
1.8	7	10	0.59142
1.8	7.5	0.5	nan
1.8	7.5	1	nan
1.8	7.5	1.5	nan
1.8	7.5	2	0.633935
1.8	7.5	2.5	0.636639
1.8	7.5	3	0.637556
1.8	7.5	3.5	0.637721
1.8	7.5	4	0.637556
1.8	7.5	4.5	0.637249
1.8	7.5	5	0.636888
1.8	7.5	5.5	0.636515
1.8	7.5	6	0.636149
1.8	7.5	6.5	0.635801
1.8	7.5	7	0.635473
1.8	7.5	7.5	0.635168
1.8	7.5	8	0.634884
1.8	7.5	8.5	0.634621
1.8	7.5	9	0.634377
1.8	7.5	9.5	0.63415
1.8	7.5	10	0.63394
1.8	8	0.5	nan
1.8	8	1	nan
1.8	8	1.5	nan
1.8	8	2	0.674906
1.8	8	2.5	0.678469
1.8	8	3	0.679825
1.8	8	3.5	0.68022
1.8	8	4	0.680175
1.8	8	4.5	0.679928
1.8	8	5	0.679592
1.8	8	5.5	0.679223
1.8	8	6	0.67885
1.8	8	6.5	0.678488
1.8	8	7	0.678142
1.8	8	7.5	0.677817
1.8	8	8	0.677512
1.8	8	8.5	0.677228
1.8	8	9	0.676963
1.8	8	9.5	0.676716
1.8	8	10	0.676486
1.8	8.5	0.5	nan
1.8	8.5	1	nan
1.8	8.5	1.5	nan
1.8	8.5	2	0.715562
1.8	8.5	2.5	0.720098
1.8	8.5	3	0.721967
1.8	8.5	3.5	0.722639
1.8	8.5	4	0.722746
1.8	8.5	4.5	0.72258
1.8	8.5	5	0.722284
1.8	8.5	5.5	0.72193
1.8	8.5	6	0.721558
1.8	8.5	6.5	0.721186
1.8	8.5	7	0.720827
1.8	8.5	7.5	0.720484
1.8	8.5	8	0.720161
1.8	8.5	8.5	0.719857
1.8	8.5	9	0.719572
1.8	8.5	9.5	0.719305
1.8	8.5	10	0.719055
1.8	9	0.5	nan
1.8	9	1	nan
1.8	9	1.5	nan
1.8	9	2	0.755888
1.8	9	2.5	0.76151
1.8	9	3	0.763967
1.8	9	3.5	0.764967
1.8	9	4	0.76526
1.8	9	4.5	0.765197
1.8	9	5	0.764956
1.8	9	5.5	0.76463
1.8	9	6	0.764266
1.8	9	6.5	0.763892
1.8	9	7	0.763523
1.8	9	7.5	0.763167
1.8	9	8	0.762827
1.8	9	8.5	0.762505
1.8	9	9	0.762201
1.8	9	9.5	0.761916
1.8	9	10	0.761648
1.8	9.5	0.5	nan
1.8	9.5	1	nan
1.8	9.5	1.5	nan
1.8	9.5	2	0.795874
1.8	9.5	2.5	0.802692
1.8	9.5	3	0.805813
1.8	9.5	3.5	0.807193
1.8	9.5	4	0.807705
1.8	9.5	4.5	0.807771
1.8	9.5	5	0.807604
1.8	9.5	5.5	0.807316
1.8	9.5	6	0.80697
1.8	9.5	6.5	0.806601
1.8	9.5	7	0.806227
1.8	9.5	7.5	0.805861
1.8	9.5	8	0.805507
1.8	9.5	8.5	0.805169
1.8	9.5	9	0.804849
1.8	9.5	9.5	0.804546
1.8	9.5	10	0.80426
1.8	10	0.5	nan
1.8	10	1	nan
1.8	10	1.5	nan
1.8	10	2	nan
1.8	10	2.5	0.843632
1.8	10	3	0.847494
1.8	10	3.5	0.849305
1.8	10	4	0.850075
1.8	10	4.5	0.850295
1.8	10	5	0.850219
1.8	10	5.5	0.849984
1.8	10	6	0.849666
1.8	10	6.5	0.849308
1.8	10	7	0.848935
1.8	10	7.5	0.848563
1.8	10	8	0.848199
1.8	10	8.5	0.847848
1.8	10	9	0.847512
1.8	10	9.5	0.847193
1.8	10	10	0.84689
1.9	0.5	0.5	nan
1.9	0.5	1	nan
1.9	0.5	1.5	nan
1.9	0.5	2	nan
1.9	0.5	2.5	nan
1.9	0.5	3	nan
1.9	0.5	3.5	nan
1.9	0.5	4	nan
1.9	0.5	4.5	nan
1.9	0.5	5	nan
1.9	0.5	5.5	nan
1.9	0.5	6	nan
1.9	0.5	6.5	nan
1.9	0.5	7	nan
1.9	0.5	7.5	nan
1.9	0.5	8	nan
1.9	0.5	8.5	nan
1.9	0.5	9	nan
1.9	0.5	9.5	nan
1.9	0.5	10	nan
1.9	1	0.5	nan
1.9	1	1	nan
1.9	1	1.5	nan
1.9	1	2	nan
1.9	1	2.5	nan
1.9	1	3	nan
1.9	1	3.5	nan
1.9	1	4	nan
1.9	1	4.5	nan
1.9	1	5	nan
1.9	1	5.5	nan
1.9	1	6	nan
1.9	1	6.5	nan
1.9	1	7	nan
1.9	1	7.5	nan
1.9	1	8	nan
1.9	1	8.5	nan
1.9	1	9	nan
1.9	1	9.5	nan
1.9	1	10	nan
1.9	1.5	0.5	nan
1.9	1.5	1	nan
1.9	1.5	1.5	nan
1.9	1.5	2	nan
1.9	1.5	2.5	nan
1.9	1.5	3	nan
1.9	1.5	3.5	nan
1.9	1.5	4	nan
1.9	1.5	4.5	nan
1.9	1.5	5	nan
1.9	1.5	5.5	nan
1.9	1.5	6	nan
1.9	1.5	6.5	nan
1.9	1.5	7	nan
1.9	1.5	7.5	nan
1.9	1.5	8	nan
1.9	1.5	8.5	nan
1.9	1.5	9	nan
1.9	1.5	9.5	nan
1.9	1.5	10	nan
1.9	2	0.5	nan
1.9	2	1	nan
1.9	2	1.5	nan
1.9	2	2	nan
1.9	2	2.5	nan
1.9	2	3	nan
1.9	2	3.5	nan
1.9	2	4	nan
1.9	2	4.5	nan
1.9	2	5	nan
1.9	2	5.5	nan
1.9	2	6	nan
1.9	2	6.5	nan
1.9	2	7	nan
1.9	2	7.5	nan
1.9	2	8	nan
1.9	2	8.5	nan
1.9	2	9	nan
1.9	2	9.5	nan
1.9	2	10	nan
1.9	2.5	0.5	nan
1.9	2.5	1	nan
1.9	2.5	1.5	nan
1.9	2.5	2	nan
1.9	2.5	2.5	nan
1.9	2.5	3	nan
1.9	2.5	3.5	nan
1.9	2.5	4	nan
1.9	2.5	4.5	nan
1.9	2.5	5	nan
1.9	2.5	5.5	nan
1.9	2.5	6	nan
1.9	2.5	6.5	nan
1.9	2.5	7	nan
1.9	2.5	7.5	nan
1.9	2.5	8	nan
1.9	2.5	8.5	nan
1.9	2.5	9	nan
1.9	2.5	9.5	nan
1.9	2.5	10	nan
1.9	3	0.5	nan
1.9	3	1	nan
1.9	3	1.5	nan
1.9	3	2	nan
1.9	3	2.5	nan
1.9	3	3	nan
1.9	3	3.5	nan
1.9	3	4	nan
1.9	3	4.5	nan
1.9	3	5	nan
1.9	3	5.5	nan
1.9	3	6	nan
1.9	3	6.5	nan
1.9	3	7	nan
1.9	3	7.5	nan
1.9	3	8	nan
1.9	3	8.5	nan
1.9	3	9	nan
1.9	3	9.5	nan
1.9	3	10	nan
1.9	3.5	0.5	nan
1.9	3.5	1	nan
1.9	3.5	1.5	nan
1.9	3.5	2	nan
1.9	3.5	2.5	nan
1.9	3.5	3	nan
1.9	3.5	3.5	nan
1.9	3.5	4	nan
1.9	3.5	4.5	nan
1.9	3.5	5	nan
1.9	3.5	5.5	nan
1.9	3.5	6	nan
1.9	3.5	6.5	nan
1.9	3.5	7	nan
1.9	3.5	7.5	nan
1.9	3.5	8	nan
1.9	3.5	8.5	nan
1.9	3.5	9	nan
1.9	3.5	9.5	nan
1.9	3.5	10	nan
1.9	4	0.5	nan
1.9	4	1	nan
1.9	4	1.5	nan
1.9	4	2	nan
1.9	4	2.5	nan
1.9	4	3	nan
1.9	4	3.5	nan
1.9	4	4	nan
1.9	4	4.5	nan
1.9	4	5	nan
1.9	4	5.5	nan
1.9	4	6	nan
1.9	4	6.5	nan
1.9	4	7	nan
1.9	4	7.5	nan
1.9	4	8	nan
1.9	4	8.5	nan
1.9	4	9	nan
1.9	4	9.5	nan
1.9	4	10	nan
1.9	4.5	0.5	nan
1.9	4.5	1	nan
1.9	4.5	1.5	nan
1.9	4.5	2	nan
1.9	4.5	2.5	nan
1.9	4.5	3	nan
1.9	4.5	3.5	nan
1.9	4.5	4	nan
1.9	4.5	4.5	nan
1.9	4.5	5	nan
1.9	4.5	5.5	nan
1.9	4.5	6	nan
1.9	4.5	6.5	nan
1.9	4.5	7	nan
1.9	4.5	7.5	nan
1.9	4.5	8	nan
1.9	4.5	8.5	nan
1.9	4.5	9	nan
1.9	4.5	9.5	nan
1.9	4.5	10	nan
1.9	5	0.5	nan
1.9	5	1	nan
1.9	5	1.5	nan
1.9	5	2	nan
1.9	5	2.5	nan
1.9	5	3	nan
1.9	5	3.5	nan
1.9	5	4	nan
1.9	5	4.5	nan
1.9	5	5	nan
1.9	5	5.5	nan
1.9	5	6	nan
1.9	5	6.5	nan
1.9	5	7	nan
1.9	5	7.5	nan
1.9	5	8	nan
1.9	5	8.5	nan
1.9	5	9	nan
1.9	5	9.5	nan
1.9	5	10	nan
1.9	5.5	0.5	nan
1.9	5.5	1	nan
1.9	5.5	1.5	nan
1.9	5.5	2	nan
1.9	5.5	2.5	nan
1.9	5.5	3	nan
1.9	5.5	3.5	nan
1.9	5.5	4	nan
1.9	5.5	4.5	nan
1.9	5.5	5	nan
1.9	5.5	5.5	nan
1.9	5.5	6	nan
1.9	5.5	6.5	nan
1.9	5.5	7	nan
1.9	5.5	7.5	nan
1.9	5.5	8	nan
1.9	5.5	8.5	nan
1.9	5.5	9	nan
1.9	5.5	9.5	nan
1.9	5.5	10	nan
1.9	6	0.5	nan
1.9	6	1	nan
1.9	6	1.5	nan
1.9	6	2	nan
1.9	6	2.5	nan
1.9	6	3	nan
1.9	6	3.5	nan
1.9	6	4	nan
1.9	6	4.5	nan
1.9	6	5	nan
1.9	6	5.5	nan
1.9	6	6	nan
1.9	6	6.5	nan
1.9	6	7	nan
1.9	6	7.5	nan
1.9	6	8	nan
1.9	6	8.5	nan
1.9	6	9	nan
1.9	6	9.5	nan
1.9	6	10	nan
1.9	6.5	0.5	nan
1.9	6.5	1	nan
1.9	6.5	1.5	nan
1.9	6.5	2	nan
1.9	6.5	2.5	nan
1.9	6.5	3	nan
1.9	6.5	3.5	nan
1.9	6.5	4	nan
1.9	6.5	4.5	nan
1.9	6.5	5	nan
1.9	6.5	5.5	nan
1.9	6.5	6	nan
1.9	6.5	6.5	nan
1.9	6.5	7	nan
1.9	6.5	7.5	nan
1.9	6.5	8	nan
1.9	6.5	8.5	nan
1.9	6.5	9	nan
1.9	6.5	9.5	nan
1.9	6.5	10	nan
1.9	7	0.5	nan
1.9	7	1	nan
1.9	7	1.5	nan
1.9	7	2	nan
1.9	7	2.5	nan
1.9	7	3	nan
1.9	7	3.5	nan
1.9	7	4	nan
1.9	7	4.5	nan
1.9	7	5	nan
1.9	7	5.5	nan
1.9	7	6	nan
1.9	7	6.5	nan
1.9	7	7	nan
1.9	7	7.5	nan
1.9	7	8	nan
1.9	7	8.5	nan
1.9	7	9	nan
1.9	7	9.5	nan
1.9	7	10	nan
1.9	7.5	0.5	nan
1.9	7.5	1	nan
1.9	7.5	1.5	nan
1.9	7.5	2	nan
1.9	7.5	2.5	nan
1.9	7.5	3	nan
1.9	7.5	3.5	nan
1.9	7.5	4	nan
1.9	7.5	4.5	nan
1.9	7.5	5	nan
1.9	7.5	5.5	nan
1.9	7.5	6	nan
1.9	7.5	6.5	nan
1.9	7.5	7	nan
1.9	7.5	7.5	nan
1.9	7.5	8	nan
1.9	7.5	8.5	nan
1.9	7.5	9	nan
1.9	7.5	9.5	nan
1.9	7.5	10	nan
1.9	8	0.5	nan
1.9	8	1	nan
1.9	8	1.5	nan
1.9	8	2	nan
1.9	8	2.5	nan
1.9	8	3	nan
1.9	8	3.5	nan
1.9	8	4	nan
1.9	8	4.5	nan
1.9	8	5	nan
1.9	8	5.5	nan
1.9	8	6	nan
1.9	8	6.5	nan
1.9	8	7	nan
1.9	8	7.5	nan
1.9	8	8	nan
1.9	8	8.5	nan
1.9	8	9	nan
1.9	8	9.5	nan
1.9	8	10	nan
1.9	8.5	0.5	nan
1.9	8.5	1	nan
1.9	8.5	1.5	nan
1.9	8.5	2	nan
1.9	8.5	2.5	nan
1.9	8.5	3	nan
1.9	8.5	3.5	nan
1.9	8.5	4	nan
1.9	8.5	4.5	nan
1.9	8.5	5	nan
1.9	8.5	5.5	nan
1.9	8.5	6	nan
1.9	8.5	6.5	nan
1.9	8.5	7	nan
1.9	8.5	7.5	nan
1.9	8.5	8	nan
1.9	8.5	8.5	nan
1.9	8.5	9	nan
1.9	8.5	9.5	nan
1.9	8.5	10	nan
1.9	9	0.5	nan
1.9	9	1	nan
1.9	9	1.5	nan
1.9	9	2	nan
1.9	9	2.5	nan
1.9	9	3	nan
1.9	9	3.5	nan
1.9	9	4	nan
1.9	9	4.5	nan
1.9	9	5	nan
1.9	9	5.5	nan
1.9	9	6	nan
1.9	9	6.5	nan
1.9	9	7	nan
1.9	9	7.5	nan
1.9	9	8	nan
1.9	9	8.5	nan
1.9	9	9	nan
1.9	9	9.5	nan
1.9	9	10	nan
1.9	9.5	0.5	nan
1.9	9.5	1	nan
1.9	9.5	1.5	nan
1.9	9.5	2	nan
1.9	9.5	2.5	nan
1.9	9.5	3	nan
1.9	9.5	3.5	nan
1.9	9.5	4	nan
1.9	9.5	4.5	nan
1.9	9.5	5	nan
1.9	9.5	5.5	nan
1.9	9.5	6	nan
1.9	9.5	6.5	nan
1.9	9.5	7	nan
1.9	9.5	7.5	nan
1.9	9.5	8	nan
1.9	9.5	8.5	nan
1.9	9.5	9	nan
1.9	9.5	9.5	nan
1.9	9.5	10	nan
1.9	10	0.5	nan
1.9	10	1	nan
1.9	10	1.5	nan
1.9	10	2	nan
1.9	10	2.5	nan
1.9	10	3	nan
1.9	10	3.5	nan
1.9	10	4	nan
1.9	10	4.5	nan
1.9	10	5	nan
1.9	10	5.5	nan
1.9	10	6	nan
1.9	10	6.5	nan
1.9	10	7	nan
1.9	10	7.5	nan
1.9	10	8	nan
1.9	10	8.5	nan
1.9	10	9	nan
1.9	10	9.5	nan
1.9	10	10	nan
2	0.5	0.5	nan
2	0.5	1	nan
2	0.5	1.5	nan
2	0.5	2	nan
2	0.5	2.5	nan
2	0.5	3	nan
2	0.5	3.5	nan
2	0.5	4	nan
2	0.5	4.5	nan
2	0.5	5	nan
2	0.5	5.5	nan
2	0.5	6	nan
2	0.5	6.5	nan
2	0.5	7	nan
2	0.5	7.5	nan
2	0.5	8	nan
2	0.5	8.5	nan
2	0.5	9	nan
2	0.5	9.5	nan
2	0.5	10	nan
2	1	0.5	nan
2	1	1	nan
2	1	1.5	nan
2	1	2	nan
2	1	2.5	nan
2	1	3	nan
2	1	3.5	nan
2	1	4	nan
2	1	4.5	nan
2	1	5	nan
2	1	5.5	nan
2	1	6	nan
2	1	6.5	nan
2	1	7	nan
2	1	7.5	nan
2	1	8	nan
2	1	8.5	nan
2	1	9	nan
2	1	9.5	nan
2	1	10	nan
2	1.5	0.5	nan
2	1.5	1	nan
2	1.5	1.5	nan
2	1.5	2	nan
2	1.5	2.5	nan
2	1.5	3	nan
2	1.5	3.5	nan
2	1.5	4	nan
2	1.5	4.5	nan
2	1.5	5	nan
2	1.5	5.5	nan
2	1.5	6	nan
2	1.5	6.5	nan
2	1.5	7	nan
2	1.5	7.5	nan
2	1.5	8	nan
2	1.5	8.5	nan
2	1.5	9	nan
2	1.5	9.5	nan
2	1.5	10	nan
2	2	0.5	nan
2	2	1	nan
2	2	1.5	nan
2	2	2	nan
2	2	2.5	nan
2	2	3	nan
2	2	3.5	nan
2	2	4	nan
2	2	4.5	nan
2	2	5	nan
2	2	5.5	nan
2	2	6	nan
2	2	6.5	nan
2	2	7	nan
2	2	7.5	nan
2	2	8	nan
2	2	8.5	nan
2	2	9	nan
2	2	9.5	nan
2	2	10	nan
2	2.5	0.5	nan
2	2.5	1	nan
2	2.5	1.5	nan
2	2.5	2	nan
2	2.5	2.5	nan
2	2.5	3	nan
2	2.5	3.5	nan
2	2.5	4	nan
2	2.5	4.5	nan
2	2.5	5	nan
2	2.5	5.5	nan
2	2.5	6	nan
2	2.5	6.5	nan
2	2.5	7	nan
2	2.5	7.5	nan
2	2.5	8	nan
2	2.5	8.5	nan
2	2.5	9	nan
2	2.5	9.5	nan
2	2.5	10	nan
2	3	0.5	nan
2	3	1	nan
2	3	1.5	nan
2	3	2	nan
2	3	2.5	nan
2	3	3	nan
2	3	3.5	nan
2	3	4	nan
2	3	4.5	nan
2	3	5	nan
2	3	5.5	nan
2	3	6	nan
2	3	6.5	nan
2	3	7	nan
2	3	7.5	nan
2	3	8	nan
2	3	8.5	nan
2	3	9	nan
2	3	9.5	nan
2	3	10	nan
2	3.5	0.5	nan
2	3.5	1	nan
2	3.5	1.5	nan
2	3.5	2	nan
2	3.5	2.5	nan
2	3.5	3	nan
2	3.5	3.5	nan
2	3.5	4	nan
2	3.5	4.5	nan
2	3.5	5	nan
2	3.5	5.5	nan
2	3.5	6	nan
2	3.5	6.5	nan
2	3.5	7	nan
2	3.5	7.5	nan
2	3.5	8	nan
2	3.5	8.5	nan
2	3.5	9	nan
2	3.5	9.5	nan
2	3.5	10	nan
2	4	0.5	nan
2	4	1	nan
2	4	1.5	nan
2	4	2	nan
2	4	2.5	nan
2	4	3	nan
2	4	3.5	nan
2	4	4	nan
2	4	4.5	nan
2	4	5	nan
2	4	5.5	nan
2	4	6	nan
2	4	6.5	nan
2	4	7	nan
2	4	7.5	nan
2	4	8	nan
2	4	8.5	nan
2	4	9	nan
2	4	9.5	nan
2	4	10	nan
2	4.5	0.5	nan
2	4.5	1	nan
2	4.5	1.5	nan
2	4.5	2	nan
2	4.5	2.5	nan
2	4.5	3	nan
2	4.5	3.5	nan
2	4.5	4	nan
2	4.5	4.5	nan
2	4.5	5	nan
2	4.5	5.5	nan
2	4.5	6	nan
2	4.5	6.5	nan
2	4.5	7	nan
2	4.5	7.5	nan
2	4.5	8	nan
2	4.5	8.5	nan
2	4.5	9	nan
2	4.5	9.5	nan
2	4.5	10	nan
2	5	0.5	nan
2	5	1	nan
2	5	1.5	nan
2	5	2	nan
2	5	2.5	nan
2	5	3	nan
2	5	3.5	nan
2	5	4	nan
2	5	4.5	nan
2	5	5	nan
2	5	5.5	nan
2	5	6	nan
2	5	6.5	nan
2	5	7	nan
2	5	7.5	nan
2	5	8	nan
2	5	8.5	nan
2	5	9	nan
2	5	9.5	nan
2	5	10	nan
2	5.5	0.5	nan
2	5.5	1	nan
2	5.5	1.5	nan
2	5.5	2	nan
2	5.5	2.5	nan
2	5.5	3	nan
2	5.5	3.5	nan
2	5.5	4	nan
2	5.5	4.5	nan
2	5.5	5	nan
2	5.5	5.5	nan
2	5.5	6	nan
2	5.5	6.5	nan
2	5.5	7	nan
2	5.5	7.5	nan
2	5.5	8	nan
2	5.5	8.5	nan
2	5.5	9	nan
2	5.5	9.5	nan
2	5.5	10	nan
2	6	0.5	nan
2	6	1	nan
2	6	1.5	nan
2	6	2	nan
2	6	2.5	nan
2	6	3	nan
2	6	3.5	nan
2	6	4	nan
2	6	4.5	nan
2	6	5	nan
2	6	5.5	nan
2	6	6	nan
2	6	6.5	nan
2	6	7	nan
2	6	7.5	nan
2	6	8	nan
2	6	8.5	nan
2	6	9	nan
2	6	9.5	nan
2	6	10	nan
2	6.5	0.5	nan
2	6.5	1	nan
2	6.5	1.5	nan
2	6.5	2	nan
2	6.5	2.5	nan
2	6.5	3	nan
2	6.5	3.5	nan
2	6.5	4	nan
2	6.5	4.5	nan
2	6.5	5	nan
2	6.5	5.5	nan
2	6.5	6	nan
2	6.5	6.5	nan
2	6.5	7	nan
2	6.5	7.5	nan
2	6.5	8	nan
2	6.5	8.5	nan
2	6.5	9	nan
2	6.5	9.5	nan
2	6.5	10	nan
2	7	0.5	nan
2	7	1	nan
2	7	1.5	nan
2	7	2	nan
2	7	2.5	nan
2	7	3	nan
2	7	3.5	nan
2	7	4	nan
2	7	4.5	nan
2	7	5	nan
2	7	5.5	nan
2	7	6	nan
2	7	6.5	nan
2	7	7	nan
2	7	7.5	nan
2	7	8	nan
2	7	8.5	nan
2	7	9	nan
2	7	9.5	nan
2	7	10	nan
2	7.5	0.5	nan
2	7.5	1	nan
2	7.5	1.5	nan
2	7.5	2	nan
2	7.5	2.5	nan
2	7.5	3	nan
2	7.5	3.5	nan
2	7.5	4	nan
2	7.5	4.5	nan
2	7.5	5	nan
2	7.5	5.5	nan
2	7.5	6	nan
2	7.5	6.5	nan
2	7.5	7	nan
2	7.5	7.5	nan
2	7.5	8	nan
2	7.5	8.5	nan
2	7.5	9	nan
2	7.5	9.5	nan
2	7.5	10	nan
2	8	0.5	nan
2	8	1	nan
2	8	1.5	nan
2	8	2	nan
2	8	2.5	nan
2	8	3	nan
2	8	3.5	nan
2	8	4	nan
2	8	4.5	nan
2	8	5	nan
2	8	5.5	nan
2	8	6	nan
2	8	6.5	nan
2	8	7	nan
2	8	7.5	nan
2	8	8	nan
2	8	8.5	nan
2	8	9	nan
2	8	9.5	nan
2	8	10	nan
2	8.5	0.5	nan
2	8.5	1	nan
2	8.5	1.5	nan
2	8.5	2	nan
2	8.5	2.5	nan
2	8.5	3	nan
2	8.5	3.5	nan
2	8.5	4	nan
2	8.5	4.5	nan
2	8.5	5	nan
2	8.5	5.5	nan
2	8.5	6	nan
2	8.5	6.5	nan
2	8.5	7	nan
2	8.5	7.5	nan
2	8.5	8	nan
2	8.5	8.5	nan
2	8.5	9	nan
2	8.5	9.5	nan
2	8.5	10	nan
2	9	0.5	nan
2	9	1	nan
2	9	1.5	nan
2	9	2	nan
2	9	2.5	nan
2	9	3	nan
2	9	3.5	nan
2	9	4	nan
2	9	4.5	nan
2	9	5	nan
2	9	5.5	nan
2	9	6	nan
2	9	6.5	nan
2	9	7	nan
2	9	7.5	nan
2	9	8	nan
2	9	8.5	nan
2	9	9	nan
2	9	9.5	nan
2	9	10	nan
2	9.5	0.5	nan
2	9.5	1	nan
2	9.5	1.5	nan
2	9.5	2	nan
2	9.5	2.5	nan
2	9.5	3	nan
2	9.5	3.5	nan
2	9.5	4	nan
2	9.5	4.5	nan
2	9.5	5	nan
2	9.5	5.5	nan
2	9.5	6	nan
2	9.5	6.5	nan
2	9.5	7	nan
2	9.5	7.5	nan
2	9.5	8	nan
2	9.5	8.5	nan
2	9.5	9	nan
2	9.5	9.5	nan
2	9.5	10	nan
2	10	0.5	nan
2	10	1	nan
2	10	1.5	nan
2	10	2	nan
2	10	2.5	nan
2	10	3	nan
2	10	3.5	nan
2	10	4	nan
2	10	4.5	nan
2	10	5	nan
2	10	5.5	nan
2	10	6	nan
2	10	6.5	nan
2	10	7	nan
2	10	7.5	nan
2	10	8	nan
2	10	8.5	nan
2	10	9	nan
2	10	9.5	nan
2	10	10	nan